,cell_id,Barcode,ChAT,fru,Gad1,SerT,sNPF,tbh,Ple,VGlut,x,y,umap_1,umap_2,clust_label,clone_id
2,41,2010011221,32181,802,170048,4,287953,11384,0,149023,39.047,145.04,-3.1062531000000004,3.2952998,0,2
3,43,2010011221,64339,103,52446,32,142172,828,14159,21459,38.691,1102.3,-1.7055044999999998,4.743432,0,2
22,135,2200211200,101616,244,831,270,339706,670,56,490,283.84,1187.1,1.399817,4.4175167,1,9
23,146,2010012221,29097,89,1995,110,286774,446,120,116781,308.82,1088.0,-3.9382699,3.594158,0,3
26,153,2200211200,12565,1,0,19,241207,3659,0,255,325.6,1291.8,-2.395633,5.6822715,1,9
27,166,2200211200,253143,4512,1362,401,487443,6838,49,1185,341.49,1197.2,5.6398589999999995,1.9690895,1,9
30,170,2010012221,37064,1253,17860,833,370170,14243,0,300207,350.19,1055.7,-3.4527657,1.2838454,1,3
31,171,2010012221,73344,9970,2406,412,325832,506,14,475648,345.25,1072.7,-3.531509,0.7034906,-1,3
35,186,2010012221,120077,33831,1441,240,364783,892,0,538291,364.08,1081.1,-2.802293,0.8039599000000001,1,3
36,187,2200211200,139070,11,37,179,676563,2616,45,554,360.19,1255.3,3.39664,2.967532,1,9
46,208,2120212020,78289,0,179,38,233473,228,0,833,395.51,1287.2,-0.53689593,4.645975,1,15
47,209,2120212020,108363,1004,74,347,497948,1069,4738,1426,397.17,1207.3,2.1952849999999997,4.956621,2,15
48,213,2010011221,81124,1942,1180,192,257256,13937,0,445,408.23,1016.9,1.6784929,3.4025483,1,2
50,216,122011221,78462,131172,796,394,1926609,622,2435,1708,411.3,1376.1,6.8206773,-2.8823185000000002,1,20
51,219,2200211200,168052,473,98,185,2338546,1506,4296,2876,416.66,1321.2,5.6652949999999995,-2.1956432,1,9
55,225,2120212020,110623,161,313,285,410039,8673,213,6510,415.78,1346.7,2.0790656000000003,3.5188648999999996,1,15
56,228,2120212020,230977,0,268,49,361828,2892,29182,1802,415.79,1219.8,5.6867730000000005,2.95528,1,15
60,239,2120212020,140466,10564,20,755,673717,5480,0,24269,440.59,1366.3,3.5444989999999996,2.530728,1,15
61,241,122011221,32342,9059,17,101,249750,112,0,800,437.32,1415.2,-1.2193954,6.629377000000001,1,20
65,250,2200211200,235754,133,592,331,331636,1336,288,2333,448.85,1181.4,5.6912937,3.0337112,1,9
66,251,2120212020,54791,5400,502,156,423060,6131,0,1082,447.08,1259.2,0.6300772,5.8951970000000005,1,15
67,252,2200211200,106948,246,555,225,4024643,191,13930,5489,451.09,1325.1,6.920637599999999,-2.9617436,1,9
68,253,2010012221,35108,8,13263,171,489151,3507,108,319409,457.17,1096.1,-3.5974839999999997,1.2901508,0,3
69,255,122011221,150326,3225,30,101,540119,1327,0,1008,454.94,1395.0,3.3193252,3.3412235,1,20
70,259,2120212020,95477,56,236,212,398044,3031,27,5724,462.96,1359.9,1.5009567,4.692636,1,15
71,260,122011221,40065,6124,338,1557,574598,1728,0,768,463.25,1423.9,1.1369505,6.818455,1,20
75,270,2200211200,133656,17796,5951,16783,592357,27741,24152,5930,479.8,1194.7,3.1620833999999998,1.9259268,1,9
77,273,122011221,100390,1184,157,618,369144,10534,24,793,479.23,1378.7,1.9890854,3.4358175,1,20
78,276,122011221,30869,6821,317,146,391080,313,0,202,477.82,1471.2,-0.7271653,7.086578,1,20
81,280,122011221,52441,15967,24,75,369313,426,17,305,483.9,1446.8,0.93009776,6.3756010000000005,1,20
85,288,122011221,70448,86723,0,9,845164,264,386,238,493.39,1498.1,5.072217,-2.0053542,1,20
86,293,122011221,65711,8944,111,426,1212024,4151,508,381,502.17,1470.8,3.5731835,-1.1096697,1,20
87,297,2120212020,50443,54,0,243,441643,706,0,233586,516.94,1298.2,-3.1451907,2.5068232999999998,1,15
89,301,122011221,30939,59495,1311,212,1120167,392,3563,2803,514.52,1515.5,4.7807426,-1.9553026000000002,1,20
90,303,122011221,65629,11454,0,209,836950,388,0,474,519.15,1451.3,2.5778096,-0.37207967,1,20
91,304,122011221,26857,18136,81,119,504512,546,309,188,516.34,1493.7,1.2967107,7.324845,1,20
92,308,122011221,55078,2869,30,291,733048,17266,0,72513,522.0,1425.9,2.5420852000000003,2.139775,1,20
93,316,122011221,19676,1024,0,143,532629,776,74,1419,530.71,1467.6,-0.19649339999999998,7.383534399999999,2,20
95,320,122011221,38929,11804,75,50,880704,1299,17,149,542.84,1496.7,2.7030618,-0.53595823,1,20
96,322,122011221,7099,5257,4,57,534331,1428,0,180,542.89,1476.4,-0.038030196,7.447037,1,20
98,324,122011221,40557,432,333,42,684449,601,0,77964,545.09,1436.7,1.0589708999999998,7.463153,1,20
99,326,2120212020,91793,114,742,268,302764,14083,27,154704,546.12,1323.4,-2.3510014999999997,2.8625045,1,15
101,328,122011221,72486,63592,147,325,1201420,587,1452,5646,552.34,1521.5,5.206044,-2.1148522,1,20
102,331,122011221,17215,37294,0,211,688713,206,352,1228,556.11,1552.0,2.912785,-0.88276476,1,20
103,332,122011221,49645,65,0,147,874788,352,0,19491,558.71,1452.3,1.9995888,7.531006,1,20
104,339,122212201,14077,435,2889577,678,655409,2811,1908,111064,564.69,1086.7,-8.927777,-4.705209,3,16
105,342,122011221,17691,29,13,46,602556,246,994,177,564.83,1481.0,0.006379134,7.418541,2,20
106,343,122011221,68040,4092,0,228,757285,27634,22,135719,563.51,1406.1,2.6798005000000003,2.0805637999999997,1,20
108,347,122011221,38008,11374,0,47,702495,1184,0,465,568.11,1503.3,1.8470908,7.420064,1,20
110,353,122011221,10610,13,4,149,377951,230,0,2190,574.62,1461.7,-1.4101148000000001,7.012633999999999,1,20
111,354,122011221,53155,331,51,247,690760,1314,100,21235,577.08,1429.0,1.2843216999999998,6.9071565,2,20
112,356,122011221,51408,9199,0,305,376191,1329,0,953,577.38,1537.6,0.67184764,6.10521,1,20
113,361,122212201,10607,14788,1952155,385,324928,771,1691,671,581.66,1059.8,-8.95994,-3.9797870000000004,3,16
114,366,122011221,99310,17297,147,88,909292,982,37,10739,586.71,1394.4,2.7913334,-0.5393289000000001,1,20
115,367,122011221,14660,134,12,159,615246,465,13942,2218,589.1,1471.7,0.07044837,7.4080639999999995,2,20
116,368,122011221,42775,713,0,7,683568,506,49,331,588.24,1512.3,1.2386556,7.029513000000001,1,20
117,370,122011221,16208,275,0,46,365545,419,5223,45,589.83,1489.5,-1.3776503,6.965565700000001,2,20
118,379,122212201,6369,1827,1937442,401,339838,614,991,94,599.58,1039.2,-9.006416999999999,-3.9462023,3,16
119,380,122011221,30988,1250,0,303,840479,1152,79,58867,604.1,1441.1,1.8353946,7.6614356,2,20
120,382,122011221,29079,3742,74,64,795887,1957,0,55314,603.08,1375.6,1.8562973999999999,7.651279,1,20
122,387,122011221,58296,20615,0,1,424769,249,0,1299,598.82,1537.3,1.4063996,6.7663727,1,20
124,390,122011221,27031,242,0,188,568946,480,12301,34707,610.71,1464.2,-0.035664055,7.4433913,2,20
125,391,122011221,6357,244,0,76,380035,676,1502,86,607.22,1498.6,-1.3905119,7.040414299999999,2,20
127,399,122011221,7186,81,8,205,297832,190,59837,513,614.28,1482.2,-1.8491284,6.3921209999999995,2,20
128,400,122011221,5132,949,0,1817,410644,295,0,112,611.64,1514.8,-1.225048,7.244415299999999,1,20
129,401,122011221,56905,11849,0,0,490430,257,35,10341,616.88,1549.6,1.140058,6.5807839999999995,1,20
130,402,122011221,63737,149,0,745,904864,705,0,27440,620.78,1394.5,2.1584522999999995,7.420278,1,20
131,403,122011221,23951,8146,45,1107,608491,2098,268,189763,620.15,1575.9,-2.6619031000000004,2.0335453,2,20
133,407,122212201,7112,4913,2293234,144,437791,2092,840,3220,620.5,1077.1,-8.920437,-4.293311599999999,3,16
134,409,122011221,19197,1382,0,3077,394929,17,0,838,618.89,1530.5,-1.2247652,7.062158999999999,1,20
136,412,122011221,28820,2547,82,190,695644,968,0,50610,626.69,1362.7,1.1688693,7.476509599999999,1,20
137,414,122011221,13164,138,59,251,563768,719,149,27168,623.65,1419.9,-0.10221898,7.500082000000001,2,20
139,423,122011221,21780,3333,0,79,637291,236,2422,459,626.43,1496.9,0.93457085,7.2025614000000004,2,20
140,426,122011221,68696,16864,152,448,1451534,669,65,38981,642.82,1451.3,4.515692,-1.7352830000000001,1,20
142,431,122011221,7236,2709,0,0,310765,45,14158,1178,633.56,1474.2,-1.5993106000000001,6.871275999999999,2,20
143,432,122011221,55235,860,0,261,569767,875,0,288,635.78,1517.8,0.96440995,6.405371700000001,1,20
144,434,2010011221,204917,4,78,78,141317,121,0,357,641.93,87.711,4.999404,3.7573004,1,2
147,439,122011221,58461,1057,11,1,725749,288,0,5929,643.33,1379.7,1.6238221000000002,6.841192200000001,1,20
148,442,122011221,53017,5482,36,87,1090817,986,526,11725,646.71,1411.4,2.7990894,-0.55757046,1,20
149,444,122212201,8015,4395,2984748,275,576945,2711,3613,4694,650.82,1074.3,-8.90986,-4.711516400000001,3,16
150,446,122011221,74956,45223,106,402,546341,360,3,26343,650.96,1544.1,2.8040056,-0.7154944999999999,1,20
151,447,122212201,4489,4656,2161777,419,372827,611,755,485,652.45,1035.7,-8.981428,-4.244978,3,16
152,449,122011221,33255,601,0,144,788620,526,21,316,649.45,1492.6,1.6646405,7.4369320000000005,1,20
153,451,122212201,11256,1042,2551731,2162,527670,8154,2033,606,657.43,1002.9,-8.889137,-4.5800222999999995,3,16
154,453,122011221,17700,559,112,51,470955,192,0,32959,654.75,1355.7,-0.7024060999999999,7.322147,1,20
155,456,122011221,8351,4562,2411,85,191820,162,541,181626,652.0,1151.1,-4.1969786,2.9066296,4,20
156,460,122011221,32478,4730,0,3,256268,261,0,173,654.91,1513.4,-1.3767742,6.566348,1,20
157,463,122011221,9511,9869,0,184,511741,438,491,68464,660.53,1618.1,0.1659539,7.498421700000001,2,20
159,467,122011221,37704,1951,363,60,795711,725,0,4133,665.08,1387.7,1.8023465,7.4470644,1,20
160,469,122011221,63509,32972,380,148,672399,1178,351,1169,669.08,1529.2,2.840132,-0.69261307,1,20
162,478,122011221,70953,5472,57,932,737996,466,448391,68923,677.36,1337.9,-0.054493893,6.5871509999999995,2,20
163,479,122011221,59859,1598,96,52,426474,229,2343,448,673.35,1503.0,0.24998243,5.7053723,2,20
165,481,122212201,3894,1409,821648,70,227979,145,151,15616,671.08,1088.9,-8.251839,-2.3190346,4,16
166,487,122011221,60616,15977,355,465,689891,273,6276,53432,679.06,1364.3,2.0428123,7.528677,2,20
167,488,122011221,41686,432,0,26,743832,401,0,33790,678.57,1423.9,1.3361703999999999,7.4070477,1,20
168,489,122212201,8268,235,2053099,103,323007,521,288,110,675.99,978.19,-8.970458,-4.065384,3,16
169,490,122011221,11965,802,0,0,227575,16,0,26,671.91,1405.8,-2.6188588,5.7180095,1,20
170,493,122212201,7679,8389,3778045,390,886363,967,678,568,681.76,1030.2,-8.933641999999999,-4.7391190000000005,3,16
171,495,122011221,74950,72322,188,624,1184768,960,38096,78538,684.91,1299.8,5.3667316,-2.2248080000000003,1,20
172,496,122011221,48343,102,0,136,911835,676,0,36639,680.73,1454.5,2.0222244,7.5638704,1,20
173,498,122212201,5028,179,1977592,255,414634,3896,1658,10678,682.93,1079.4,-9.005749,-4.0568314,3,16
174,500,122212201,5270,264,2742030,319,530116,1490,1175,338,686.46,997.12,-8.91126,-4.687412,3,16
175,502,122011221,37180,8620,0,187,474388,564,0,988,688.04,1570.7,0.83191884,6.676017999999999,1,20
176,505,122011221,16671,53481,0,8,892351,721,1579,24870,687.01,1618.7,3.8075805,-1.6431394,1,20
177,506,122212201,4767,654,1478601,169,314765,8388,200,866,692.39,1058.9,-8.705741,-3.5416962999999995,3,16
178,507,122011221,84585,55008,22,172,1040405,2260,45,17591,691.38,1593.6,4.8391547,-1.6412191000000003,1,20
179,508,122011221,33330,56172,36,154,696451,98,1037,1214,692.77,1378.5,3.4793506,-1.3786024,1,20
181,511,122011221,5615,393,186,40,427605,213,1178,3433,693.43,1403.8,-1.161218,7.256364,2,20
182,512,122011221,46067,4550,124,3411,713609,1413,96,235,695.24,1484.2,1.6076723,7.109299000000001,1,20
183,513,122011221,78457,633,0,149575,330004,337,54565,7974,694.42,1514.6,-0.9780322,5.540063,2,20
184,514,122212201,27661,238,3433516,704,712135,597,1860,2411,701.94,966.99,-8.929817,-4.713924,3,16
185,516,122011221,38092,37888,120,13122,608484,637,224,1438,700.78,1536.3,2.8301845,-0.7613428000000001,1,20
188,519,122212201,45040,14,651828,187,223864,599,197,41699,701.64,1073.7,-8.031667,-1.7647537,0,16
189,520,122011221,54048,37585,2,292,734604,298,32,583,705.72,1557.6,3.0246685,-0.9271695,1,20
191,526,2120212020,25655,2897,3666,947,787263,1599,3573117,5684,712.88,1338.0,-0.23076251,6.4318767,2,15
192,527,122011221,19074,2773,26,87,889598,470,1952,505,712.94,1450.9,1.9482487000000002,7.665112,2,20
193,529,122212201,24813,1203,3007533,286,712722,1419,492,2241,714.86,1035.1,-8.932727,-4.698055,3,16
194,530,122011221,15236,69281,0,188,1374672,167,101,33822,709.28,1614.5,5.57669,-2.3553646,1,20
196,532,122212201,1342,13,1008153,27,189785,281,272,265,706.84,1012.3,-8.249108999999999,-2.4553857000000003,4,16
197,534,122011221,9518,2821,0,112,510092,203,7252,66,708.99,1388.9,-0.27321148,7.4314117,2,20
198,536,122011221,47720,77121,0,83,813316,1139,71,815,711.29,1581.3,4.8657484,-1.8770299,1,20
200,539,2120212020,10270,331,1131,590,581121,750,2698599,21555,722.02,1292.0,-0.17900561,6.4804835,2,15
201,540,122011221,80179,7359,0,129281,618148,941,89801,2623,719.25,1491.6,1.2886790000000001,6.7650394,2,20
202,542,122212201,27210,301,2124001,964,523395,1174,716,836,722.09,1000.3,-8.974477,-4.1964315999999995,3,16
203,544,122011221,36787,21209,0,171,509783,467,7679,28785,721.25,1366.8,1.3692879999999998,7.409995599999999,2,20
204,545,122011221,31465,2138,0,248506,422750,1764,129649,9570,722.07,1519.4,-1.1207573,5.810662000000001,2,20
205,546,122011221,6188,65758,0,17,720977,508,168,9198,723.69,1653.5,3.6782522000000006,-1.5559227,1,20
209,555,122011221,25052,194,137,92,724645,646,53431,62,727.56,1393.4,0.94381386,7.2185297,2,20
210,557,122212201,76147,176,1653975,259,444757,701,281,5758,732.36,957.7,-8.661642,-3.5025218000000002,3,16
211,558,122212201,108604,289,1639109,465,574193,1043,171,2210,732.22,979.83,-8.637119,-3.4788606,3,16
212,560,122011221,48426,83767,0,497,729620,244,19,298,729.58,1546.7,4.9310684,-1.8149664,1,20
214,563,122011221,134517,68673,15,104,1219883,721,0,1572,737.84,1569.7,5.322536,-1.9922939999999998,1,20
215,564,122011221,89366,68591,16,83,1587870,1715,72,18920,734.91,1611.1,5.904074700000001,-2.4810505000000003,1,20
218,578,122011221,7351,66,0,67,281405,70,691,159,743.25,1415.2,-2.576306,5.82332,2,20
219,582,122011221,49593,53077,377,6238,1138120,1066,1749,267,745.83,1491.0,4.802982,-1.9053779,1,20
221,584,122011221,126030,62210,0,187,1099852,551,0,1366,749.64,1595.6,5.064051999999999,-1.6595638,1,20
222,585,122011221,67298,97618,0,92,1040964,457,144,19623,750.2,1642.9,5.6671143,-2.3921854,1,20
225,590,122011221,18474,211,0,87,224562,158,0,1666,743.03,1375.4,-2.5117537999999997,5.752467,-1,20
226,592,122011221,21888,43740,0,799,990096,1196,210,257,750.22,1528.0,3.7540449999999996,-1.5815685,1,20
227,593,2120212020,165998,13112,249227,315,711309,1258,491,1306,751.56,1001.4,3.6710727,2.3120356,3,15
228,597,122212201,103800,308,1046458,1345,367397,2409,253,64871,754.4,945.35,-8.385571,-2.4156651,3,16
231,608,202012000,28835,311,0,102,466591,6318,0,171327,765.09,1678.0,-3.088763,2.560811,1,8
232,610,122011221,27952,108888,101,191,926888,367,0,4768,763.17,1620.0,5.6822352,-2.435086,1,20
233,613,122011221,99009,589,0,212,377783,420,0,0,765.05,1505.4,1.4885888999999999,4.624123,1,20
234,615,2120212020,169105,1742,21142,1620,530077,17418,4648,3504,770.74,1047.8,3.0175462000000004,2.2248862000000003,1,15
235,622,122212201,34765,2624,1012688,3288,676061,25974,523,412099,774.73,910.08,-7.674968700000001,-2.5054457,1,16
236,624,122011221,62195,47084,28,55,1151661,192,0,2029,776.34,1560.4,4.758214499999999,-1.7847762999999999,1,20
239,629,122011221,32193,51815,0,89,671414,780,177,46,774.29,1533.2,3.2991066,-1.2890116000000003,1,20
240,637,2120212020,134651,344,14546,212,416491,917,6256,770,788.36,1078.7,2.663152,4.146978,3,15
241,639,202012000,4,139,0,14,327713,19522,0,449163,788.85,1714.4,-3.7615805,0.42915523,0,8
242,643,122212201,72089,116,218,1191,152907,1420,0,14264,790.72,811.38,-1.4183538999999998,4.6497273,1,16
243,647,122212201,131988,78,277163,750,1789716,899,1414,2614,789.39,968.88,4.736566000000001,-1.6255462,1,16
244,648,2120212020,209076,35269,23586,731,508360,4408,0,908,800.18,1030.4,4.382539700000001,1.8535314999999999,1,15
245,650,122011221,30536,9858,0,1900,225413,1368,0,1300,790.58,1518.5,-1.2694702,6.64324,1,20
247,662,122011221,67496,59672,58,319,599059,349,332,4723,800.66,1131.3,3.4817894,-1.1723461000000002,1,20
248,669,122011221,37859,33146,0,284,1006217,262,154,246,804.74,1530.8,3.5857775000000003,-1.4274685,1,20
250,675,202012000,21040,3337,0,1765,485374,47090,0,259882,811.36,1691.4,-3.2051406000000005,1.2988402000000001,1,8
252,687,2000001000,226,23997,35,1307,362440,7584,0,844417,820.23,1736.6,-3.0554547000000003,-1.2030374,0,4
254,692,2120212020,177242,112764,11248,231,477842,439,0,254,823.61,993.15,5.1350517,-1.5899718999999999,1,15
255,694,2120212020,207449,174630,6890,139,512108,8009,0,435,826.53,1018.5,6.46235,-2.6900806,1,15
257,708,202012000,10579,759,0,122,430148,18511,0,81140,833.58,1671.2,-2.964213,3.2521136000000004,1,8
259,712,202012000,36265,1764,0,218,511492,959,0,492697,839.86,1710.1,-3.3566550000000004,0.34478164,1,8
260,722,122011221,130993,48733,1574,253,1046550,806,0,997,845.46,1103.3,4.730704,-1.1642226,1,20
262,746,202012000,18954,49,0,3,244116,2232,0,183210,857.81,1693.8,-3.9827864,2.9448352000000004,1,8
263,760,2010011221,81545,7,0,48,127334,1276,0,14231,866.94,23.78,-1.1603702,4.591851,1,2
265,774,202012000,20241,1228,0,38,489148,18627,0,260536,874.89,1736.0,-3.4761559999999996,1.3116953000000002,1,8
266,784,202012000,16976,2722,0,246,287509,276,0,132673,879.01,1691.3,-3.9488324999999995,3.389707,1,8
269,806,2000001000,1964,58243,0,75,428351,51871,0,959319,891.4,1873.5,-2.8168537999999996,-1.3893799999999998,1,4
271,817,22211201,57437,49251,0,0,722591,36,0,817,896.52,1679.3,3.4447494,-1.2860261999999998,1,17
275,856,2001212001,108389,27171,46798,905,375706,10643,0,924,917.91,821.03,3.3011741999999997,2.6996963,1,12
280,872,2001212001,54574,195,595248,693,323333,5393,99,956,925.97,849.48,-8.103391,-1.8834095000000002,3,12
281,873,2120212020,165925,858,9171,324,319125,5356,0,451,919.6,986.46,4.1744184,3.8176107000000004,1,15
288,909,122011221,226706,13150,807,99,1718098,23270,475,292,950.59,1063.5,4.979122599999999,-0.7988784000000001,1,20
289,914,22211201,34180,98161,144,94,1201818,111,0,62,941.19,1693.8,5.818057,-2.482727,1,17
293,926,22211201,69977,87730,0,13,1623407,764,11,352,952.76,1674.2,6.259093,-2.692142,1,17
296,941,22211201,101724,39750,0,1194,890805,373,0,26001,957.62,1759.2,3.7101684,-1.1118693000000002,1,17
297,949,22211201,37453,181459,0,106,1823674,301,26,54,963.53,1730.2,6.9431715,-2.9797761,1,17
298,952,2110111111,23771,10,0,1,309957,6555,0,213761,966.07,1956.2,-3.5572898,2.6541905,1,13
300,954,22211201,36179,70475,0,110,950292,4386,0,196,964.42,1701.7,4.7717714,-1.9855591000000001,1,17
303,959,122212201,45781,113,8860,130,208026,7112,13,47111,971.05,608.99,-1.7619917,4.2160215,0,16
304,960,22211201,54801,110945,0,11,1335724,160,0,19,972.65,1609.0,6.310395,-2.707656,1,17
305,964,2001212001,288961,32260,4175,446,425801,12155,0,58010,976.16,758.67,5.235978599999999,1.2245712,1,12
306,965,2001212001,148237,13827,106943,196,380066,1757,13,1418,972.64,851.11,3.228789,3.4649758000000004,1,12
308,981,22211201,72370,131625,0,63,1394428,1075,0,199,982.38,1684.2,6.5391645,-2.7519430000000003,1,17
309,983,22211201,33595,30427,0,32,393937,91,0,25,978.8,1741.8,1.47356,7.3063649999999996,1,17
310,984,22211201,49877,48655,6870,84,1335645,153,0,34026,984.91,1767.5,4.864889,-2.0148928,1,17
313,991,22211201,107518,130489,0,102,1630937,174,312,1978,992.76,1717.5,6.716226600000001,-2.8230956000000003,1,17
314,992,2110111111,4749,1893,0,63,567614,511,0,2004658,998.82,1921.3,-2.9137654,-1.3785007,1,13
317,997,22211201,133661,91848,74,752,1547852,1081,3,277,996.72,1557.2,6.24247,-2.6457381,1,17
318,1004,2001212001,56071,3266,318792,169,218122,163,0,163,994.01,879.58,-2.41414,5.4139504,1,12
321,1011,2001212001,353624,147865,644,431,471591,2014,0,4259,1000.6,804.23,5.202546599999999,-0.31716827,1,12
323,1015,22211201,27418,62986,0,28,1055091,303,0,970,1000.4,1746.1,4.770395300000001,-1.9540522,1,17
324,1016,22211201,32978,39969,0,120,1057398,208,0,43,998.41,1655.0,3.7764459,-1.564753,1,17
327,1022,22211201,140775,154401,9,75,1494398,116,0,280,1006.5,1689.4,6.730824,-2.817894,1,17
329,1028,2001212001,37806,15,249015,273,203018,50,0,240,1008.8,855.4,-2.6068375,5.4071712,1,12
330,1029,22211201,112712,72866,0,346,2151886,356,85,405,1018.3,1600.9,6.522375599999999,-2.7494476000000003,1,17
333,1039,2001212001,263420,267401,989,540,513087,527,48,64838,1019.9,721.19,6.861884599999999,-2.9078677,1,12
335,1050,22211201,56633,101724,1,264,1402210,299,21,109,1021.0,1640.1,6.2001667000000005,-2.6809323,1,17
336,1052,2001212001,275099,21976,1117,385,384517,8784,0,136,1023.7,787.46,5.4852777,1.5422848,1,12
337,1055,22211201,95896,103475,97,74,1602001,34,0,11448,1026.8,1673.3,6.4217525,-2.7519355,1,17
341,1067,2001212001,497178,128689,1769,354,617368,1860,0,707,1028.2,819.75,5.1805863,0.07683423,1,12
346,1082,2111111111,712,13,0,0,96175,179,0,173038,1041.0,37.338,-4.4448669999999995,2.6632245,1,5
349,1087,120001000,259949,871,305457,333,404661,16787,68,62,1042.0,855.48,5.641852,2.0381105,1,7
352,1091,22211201,42430,56545,0,0,489414,160,0,121,1040.5,1636.9,3.0592759999999997,-1.0620147,1,17
353,1097,2001212001,141072,626,93,847,477636,5092,0,1116,1052.4,731.91,3.0009217,3.6319845,1,12
354,1102,22211201,4953,13229,175,197,299943,108,0,86,1052.4,1534.7,-1.0007944,7.3151779999999995,1,17
355,1103,22211201,45329,56472,0,25,568377,46,26,4,1047.8,1598.8,3.2179542000000003,-1.2230871,1,17
356,1104,22211201,53447,93421,0,74,1254152,258,0,406,1055.7,1624.7,5.8095837,-2.4748151000000003,1,17
367,1123,120001000,160830,847,255252,176,249624,4179,0,689,1057.9,863.32,1.3452556,3.4768093,1,7
368,1124,22211201,67123,64990,0,0,702229,78,3,0,1063.0,1606.9,3.6187315000000004,-1.2657061,1,17
371,1131,2001212001,174220,9817,6,111,1282731,4428,0,48,1068.7,757.58,4.5944400000000005,-0.45158523,-1,12
373,1135,22211201,113393,174178,38,136,1812331,758,64,207,1074.9,1563.3,6.905939,-2.939948,1,17
375,1142,22211201,44543,64280,0,248,1458220,214,0,12,1074.8,1587.9,5.669752,-2.4007647,1,17
378,1147,22211201,11474,20666,0,110,454065,460,0,6476,1073.4,1645.4,1.1494385,7.344345,1,17
379,1151,2001212001,258461,15186,404,55,503384,690,121,223,1077.2,787.82,5.335121,1.6815136999999998,1,12
382,1157,22211201,37607,18854,107,343,487891,546,0,240,1079.9,1540.9,1.361541,7.1922417,1,17
384,1167,2212211101,79795,3469,2830,61,354814,68,0,152779,1089.7,1819.9,-2.3237900000000002,3.1570315,1,18
385,1169,22211201,10304,42539,0,317,599895,412,0,141,1081.2,1606.5,2.9570992,-0.92714685,1,17
387,1183,2001212001,223176,94766,217,236,297948,411,89,727,1096.8,742.45,4.7778983,-0.30827716,1,12
389,1192,22211201,68585,65776,0,210,1355051,600,17,57,1103.0,1531.5,5.5485234000000005,-2.3197348,1,17
390,1195,2001212001,202092,15668,468,26,265884,823,0,4,1097.7,762.36,5.1254277,3.095286,1,12
391,1198,120001000,126128,68,275,0,208390,1765,0,90,1095.3,843.95,1.0558231000000002,3.5991912000000004,1,7
392,1199,22211201,63080,54721,0,28,375706,31,0,7506,1093.4,1616.6,2.8036717999999996,-0.71248657,-1,17
393,1200,2212211101,111261,4434,1135,9,363035,435,71,95,1103.3,1850.9,1.911303,4.546358000000001,1,18
395,1205,2001212001,345354,12931,749,78,762340,619,143,35,1102.3,792.07,5.3032913,0.9581274,1,12
396,1206,22211201,177329,21417,90,204,1045812,1831,0,170,1102.0,1586.0,4.6026196,-0.42217416,1,17
398,1212,22211201,65067,75738,17,386,1237299,644,0,188,1109.9,1557.0,5.5478797,-2.344315,1,17
400,1216,120001000,145623,9772,22119,504,381027,290,51,198,1108.0,875.56,3.1799827,3.85682,1,7
405,1228,22211201,37021,36608,61,120,807656,57,0,23323,1111.5,1611.3,3.0872583,-1.0831182,1,17
408,1231,120001000,235311,284,81,480,466265,500,0,566,1114.7,821.01,5.424004,2.6667082000000004,1,7
411,1239,22211201,17519,2821,0,70,231344,185,0,15,1119.8,1514.5,-2.495176,5.743022,1,17
417,1256,22211201,68866,107079,0,143,806197,391,0,217,1129.8,1595.9,5.547537999999999,-2.3346972000000004,1,17
418,1257,1101111121,28263,11446,0,105,732464,879,0,23070,1130.3,1763.2,1.9608991000000002,7.595796000000001,1,10
424,1272,22211201,2068,957,0,64,200928,160,0,69,1137.4,1502.5,-2.8179642999999994,5.5329614000000005,1,17
429,1285,120001000,197793,1267,456,176,577321,6341,0,162,1141.0,897.36,3.8951848,2.9691243,1,7
431,1289,22211201,17990,67,0,0,213325,4,0,14,1139.8,1523.1,-2.5834625,5.5968285,1,17
434,1296,2001212001,181615,95,335,26,235681,66,0,29,1142.4,765.84,4.677935,3.9343681000000004,1,12
435,1305,22211201,35429,1929,0,205,345315,400,0,4,1153.4,1537.9,-1.2054591000000001,6.664207000000001,1,17
436,1306,1101111121,124131,0,0,170,443129,5168,0,1260,1154.6,1804.9,2.5120556,3.7873046,1,10
438,1310,2001212001,325245,31755,172,229,422714,17427,0,12384,1156.6,690.66,5.2892933,1.0618645,1,12
447,1339,1101111121,36280,238,6722,1230,262797,41,0,1702,1163.7,1917.5,-2.2249866000000003,5.51498,1,10
450,1347,2001212001,166484,26337,315,10,1135517,4780,42,84,1168.6,716.31,4.5994244,-0.51867193,1,12
451,1361,2212211101,77585,78,0,529,438719,259889,0,584,1178.4,1723.8,4.0869045,1.0364544,1,18
457,1384,22211201,125632,20159,0,1134,631379,521,0,336,1188.9,1435.1,3.7122097000000003,2.4058716,1,17
464,1403,1101111121,73510,694,0,132,513513,696,0,101,1193.5,1856.2,1.1119868,5.8792615,1,10
465,1406,2212211101,21206,89,134536,343,340587,214,0,10847,1195.1,1785.4,-1.479115,6.9347496,1,18
469,1420,2212211101,280842,9435,112,205,1049974,6620,0,1309,1199.4,1655.3,4.951286,0.44401264,1,18
471,1433,2212211101,258878,5051,596,469,1148654,523,0,4218,1206.3,1624.6,4.791405999999999,0.21062486,1,18
472,1434,1101111121,134075,1659,64309,23,250162,76,0,46,1203.9,1939.2,1.3064673,3.7446895,1,10
473,1435,22211201,113442,73,699,68,304057,938,0,1367,1200.8,1108.0,1.4500248,4.064432,1,17
479,1455,2212211101,212054,19,0,152,2219582,13927,217,25809,1217.1,1682.4,5.5408797,-2.0122275000000003,1,18
484,1473,2212211101,179609,11835,0,191,370870,226,0,103,1221.5,1568.8,4.420147,3.3016176,1,18
485,1477,1101111121,36229,5904,0,353,289224,115,0,16872,1221.6,1805.6,-1.2248836,6.627306,1,10
491,1499,2212211101,1493,0,0,0,360058,38,0,113540,1230.3,1642.9,-3.8696702000000003,3.4808273,1,18
498,1516,1101111121,18587,111,0,318,400341,2274,0,105,1234.0,1827.0,-1.1795091999999998,6.915331,1,10
499,1520,2212211101,41645,49,0,106,417022,1185,0,41754,1236.3,1756.9,-0.9426814,6.361295,1,18
505,1535,2212211101,1156,21,0,214,383360,305,0,276911,1245.6,1693.3,-4.1125536,1.1460667,1,18
508,1540,2202211201,172849,19142,174,120,317749,21865,0,60499,1247.4,941.65,3.0598958,2.193273,1,14
509,1545,2212211101,78893,1009,0,216,660098,298,0,9844,1249.4,1726.9,1.7011523000000002,6.345292,1,18
513,1553,2212211101,29973,1214,73,385,204534,163,0,12499,1252.2,1616.2,-2.2897117000000002,5.4508195,1,18
524,1593,22211201,178291,594,0,156,250369,257,0,66,1265.0,1076.8,4.628912000000001,3.9541202000000006,1,17
528,1601,2212211101,5082,0,0,145,427155,1063,169,108665,1269.1,1704.3,-3.8650212,3.4718873999999995,2,18
531,1608,2212211101,12870,898,22,136,203893,444,3645,147646,1270.5,1647.3,-4.183218,3.1716056,2,18
535,1618,2212211101,69744,39,0,213,502498,734,0,12615,1276.3,1605.4,0.83108914,5.9241934,1,18
538,1634,2212211101,74390,323,0,131,1083683,61,38,81449,1281.4,1724.1,2.8102899,-0.54340965,2,18
539,1638,2212211101,25886,0,0,41,334080,114,0,153464,1282.3,1688.5,-3.9163508,3.2622595000000003,1,18
540,1641,2212211101,43813,123,0,304,379788,149,63310,2869,1286.2,1635.3,-1.1351626,6.596553,2,18
541,1642,1101111121,6588,460,0,47,238461,50,17034,83406,1279.4,1754.5,-3.9549203,3.5976236000000004,2,10
546,1656,1111201000,42793,1064,2396641,215,763638,8867,937,4299,1289.4,515.78,-8.87283,-4.3750324,3,1
547,1661,2202211201,353266,7346,197,92,448723,3387,24,27138,1292.9,1093.4,5.763031,1.2239116,1,14
549,1667,2001212001,83772,3144,242066,60,584593,14589,0,2251,1294.4,582.28,2.375336,3.0006772999999995,1,12
555,1690,2212211101,78927,5,0,412,1105930,2980,0,2710,1304.9,1592.7,2.7371838,-0.45554690000000003,1,18
557,1693,2212211101,106414,56,0,7150,446992,2350,0,5138,1301.8,1568.5,1.9624199,4.66544,5,18
568,1731,1101111121,24425,7828,0,73,234498,48,0,14,1309.2,1818.3,-1.3365381,6.627161999999999,1,10
573,1746,2202211201,23328,1188,32,0,128712,105,0,26,1312.3,790.88,-2.594257,5.117901,1,14
575,1758,2202211201,333569,9021,590,94,516025,2039,0,458498,1325.8,1068.9,-2.0253544,2.0515783,1,14
577,1762,120001000,114608,394,16444,192,616531,37082,114,33187,1324.3,573.11,3.0974226000000002,2.0527102999999998,1,7
586,1789,2212211101,90292,187,0,353,561775,80,0,127,1330.1,1585.8,1.9437866000000001,5.5265083,1,18
589,1799,1101111121,71317,47,283201,174,276477,1243,0,80,1332.2,1822.7,-2.2293482000000004,5.3977556,-1,10
601,1835,2110212001,147987,125,0,271,596353,802,27,21638,1346.6,1730.2,3.297085,3.3498724,1,11
605,1848,120001000,168016,7,151701,54,520981,17151,0,36108,1351.9,552.56,2.9257473999999997,2.345129,1,7
606,1849,2212211101,81927,62,0,692,679033,8200,0,228789,1350.6,1613.1,-2.663836,2.1755269,1,18
608,1854,2212211101,34218,0,0,52,1159939,231,0,24469,1353.5,1688.0,2.8523228,-0.5855611999999999,1,18
612,1864,2212211101,178683,298,151,2674,564903,3679,128,16750,1356.7,1577.4,3.6109157,3.0863389999999997,1,18
617,1896,2202211201,53122,6554,123,141,219632,8562,3773,93374,1367.5,641.57,-1.8936433999999998,3.862863,1,14
621,1911,2202211201,170308,288,41,101,203582,184,0,306,1370.9,722.89,4.622060299999999,3.9665504,1,14
623,1924,2202211201,156723,18,20,19,322748,561,0,49,1373.7,748.43,3.8701012,3.9801263999999996,1,14
625,1926,2212211101,58053,7241,0,4158,666012,583,0,159,1375.8,1562.6,1.6708584,6.880061,1,18
630,1945,2202211201,154904,15,30,0,212340,1341,0,5704,1382.0,682.35,1.1276173999999999,3.3560746,1,14
633,1952,2212211101,235832,671,0,16144,443016,775,0,33901,1390.4,1494.8,5.5086575,2.8479664000000002,5,18
637,1965,2202211201,203683,11904,0,1329,727642,608,0,9803,1387.0,1129.2,4.0610557,2.192758,1,14
638,1966,2212211101,142635,295,0,15335,399925,1465,0,834,1388.4,1542.9,3.1651453999999997,4.052315,5,18
639,1971,2202211201,314084,108,469,106,477890,48654,37,6495,1390.5,576.4,4.3532205,1.2766157,1,14
642,1985,2212211101,169411,15,51,267371,460186,7306,0,164557,1394.9,1630.3,2.6883075,3.6461184,5,18
646,1996,2202211201,100582,9,189,50,321563,11363,0,9533,1403.5,594.83,1.8593894,3.4419190000000004,1,14
649,2002,2202211201,65826,7,25,98,325782,6462,1657,33866,1401.7,619.75,-1.059559,4.384754,1,14
652,2015,2110212001,75810,9386,697,332,448696,5999,0,332,1402.0,1810.5,1.8755326,5.501862,1,11
655,2023,2212211101,177999,218903,47,18477,576429,1553,0,78095,1409.0,1464.5,6.7561398,-2.8285635,-1,18
656,2025,2202211201,96000,41,43679,0,224579,5931,0,166,1407.0,534.05,0.96327645,3.8885405,1,14
658,2032,2110212001,69575,27,298,104,350982,297,0,4611,1409.5,1752.9,-0.22685835,5.229751599999999,1,11
659,2033,2110212001,162565,23768,242,93,535348,1576,0,634,1410.2,1782.2,3.8048954,2.402284,1,11
662,2049,2212211101,257679,11222,122,75936,440477,7968,13,14420,1419.1,1528.1,5.4501395,2.2357457000000003,5,18
664,2063,2110212001,24998,2652,3875,613,331289,660,0,974,1420.1,1915.8,-1.2489243,6.723301400000001,1,11
666,2067,2110212001,96492,5656,0,36,528398,1460,0,4271,1422.2,1728.0,2.028241,5.585942,1,11
668,2079,2212211101,158183,7769,77,60981,366174,329,282,18984,1426.5,1507.9,3.1859055,3.9175642,2,18
669,2080,2110212001,235702,244,13891,302,262955,230,61,68608,1420.2,1653.4,5.257433,3.4222474000000003,1,11
670,2082,2110212001,56264,508,120,92,649965,5063,0,120,1428.2,1836.6,1.3421353,6.611619500000001,1,11
673,2106,2110111111,155142,11291,19885,192,295641,133,0,12055,1430.7,1953.5,3.4515216,3.980231,1,13
679,2129,2202211201,105454,0,83348,0,171437,572,10,170,1442.4,584.7,0.4746455,3.9529727,1,14
681,2138,2110212001,306083,193,1822,199,641688,63073,0,4903,1450.1,1758.8,4.304871,1.2406471000000001,1,11
683,2146,2110212001,258418,16499,54,64,377987,212,0,169,1450.6,1813.4,5.4859023,1.9704738000000002,1,11
689,2162,2110111111,17307,2542,35225,46,429093,8034,0,91,1444.8,1914.7,-0.7744755999999999,6.855044,1,13
696,2178,2111111111,42349,1255,1085702,304,172863,6552,0,601,1458.5,536.22,-8.332469999999999,-2.486775,-1,5
698,2180,2110212001,76285,115,0,0,218385,77,0,314,1452.8,1830.2,-0.5469684,4.6880665,1,11
701,2187,2212211101,49537,46,131188,37300,198033,381,0,17652,1457.3,1519.2,-2.2629460999999997,5.349993,1,18
702,2188,2202211201,96639,99,409,5194,348704,32118,339,298539,1462.9,682.27,-3.0527108,1.4230766000000001,1,14
704,2195,2110212001,73593,84,74,16459,333240,589,0,30235,1468.1,1606.4,-0.40751752,5.202365400000001,5,11
706,2204,2212211101,78132,1533,2,122,230287,976,0,80,1466.5,1702.2,-0.48221114,4.706736599999999,1,18
707,2206,2202211201,15364,94,131540,98,69305,145,0,91,1460.0,584.58,-2.942468,5.189068,1,14
713,2229,2202211201,112474,6637,19,116,222306,4030,2,28501,1472.5,649.59,1.4704155,4.1175666,1,14
722,2247,2110111111,21279,4981,239,148,231622,419,0,207268,1477.7,1917.4,-3.9293277,2.9892828,1,13
725,2254,2110212001,298657,340,328452,41327,497442,5490,98,486,1487.1,1550.2,5.699835,1.8504161,1,11
726,2255,2110212001,161874,3762,6230,67,430509,23201,0,13633,1485.9,1755.3,3.0200934,2.2245686,1,11
729,2263,2110111111,162958,43,2582,97,346871,7745,385,2568,1485.8,1885.1,4.112665,3.7013566,1,13
730,2264,2202211201,76269,641,0,5763,267370,5134,0,168769,1487.1,695.35,-2.3635123,3.0520031000000003,5,14
733,2269,2110212001,160044,1335,2377509,58979,678145,3087,0,577,1493.8,1518.1,-8.830725,-3.9958062000000005,5,11
734,2271,2212211101,50576,190,0,46,413504,14348,0,1407,1488.0,1717.8,-0.9733275,3.9870474000000002,1,18
736,2279,2110212001,181018,99,364,19488,296186,185,0,200,1495.4,1577.3,4.545411,3.9269442999999997,5,11
738,2292,2110111111,73720,20,82,28,258969,2946,0,6596,1497.6,1911.5,-0.5175914,4.7458835,1,13
740,2303,2202211201,112300,226,110,124,412449,9020,34,255579,1506.0,672.69,-2.4273374,2.6047852000000002,1,14
746,2327,2212211101,115386,17891,0,0,743184,21217,0,361,1514.4,1724.2,3.273431,1.7135688000000002,1,18
752,2343,2110212001,277163,94,800,7397,646397,504,0,206,1524.3,1548.5,5.492177,1.6373036,5,11
755,2359,2212211101,164641,189697,4,583,836861,974,0,353,1531.0,1706.5,6.6495875999999985,-2.7660810000000002,1,18
760,2368,2212211101,62862,22,0,256,613765,534,4705,169222,1537.9,1660.7,-2.7291915,2.3140392000000003,2,18
761,2370,2202211201,66,13443,39,319413,883076,1082,104,326240,1539.4,1099.2,-2.0227928,1.6969737,2,14
763,2373,2212211101,187936,471,25,4228,475271,1845,0,136488,1540.7,1570.3,2.8344355,3.3993955000000002,5,18
767,2382,2212211101,262603,1155,33,25027,494759,5462,9,111416,1548.6,1598.1,5.652581700000001,2.515703,5,18
769,2395,2222211021,109,1631,1093001,691,359166,1923,0,51738,1551.9,319.35,-8.176186,-2.7143407,0,19
772,2402,2222211021,20440,2521,297572,115,457614,903,8,322926,1555.4,348.57,-4.405276000000001,0.911251,0,19
774,2412,2110111111,159908,4,434,105,1064270,193904,9862,64575,1559.0,1752.4,4.1027794,1.0403886,1,13
777,2422,2212211101,118876,9,0,235,373523,1641,0,25523,1562.3,1651.9,1.7658973999999998,4.270278500000001,1,18
779,2426,2110111111,15318,3253,0,0,199619,6941,0,2,1559.5,1998.8,-2.185428,5.5700197,1,13
780,2427,2000001000,78526,0,24,44,276085,88,0,72,1567.2,561.87,-0.43312252,4.703547,1,4
783,2431,2111111111,18990,43,119474,48,312384,1889,499,395722,1562.1,1881.2,-4.2768517,0.80491525,0,5
784,2433,2111111111,18874,493,0,19,880441,6905,0,0,1565.3,1977.8,1.9344432,7.6257515,1,5
787,2444,1111201000,174779,376,84251,51554,500765,2417,0,60754,1572.7,1182.8,3.0715225,3.4116116,5,1
789,2446,2222211021,1688,7,980650,420,306844,7736,590,146164,1573.5,310.07,-7.912644,-2.5815718,0,19
793,2451,2222211021,50823,87,231502,12,451623,2751,34,857397,1579.1,277.72,-3.1191092,-1.1074523,0,19
798,2461,2212211101,109017,121,85,115,354576,2303,0,41583,1582.4,1667.9,1.5636097,4.3824368,1,18
799,2462,1111201000,138318,1308,71782,783,325044,1437,0,41908,1586.6,1205.7,1.8745787,3.9682980000000003,-1,1
801,2467,2110111111,59019,0,0,28,163275,221,0,37,1578.0,2023.7,-1.6477202000000002,4.7582364,1,13
804,2474,2000001000,238982,318,114,18,157876,55,0,119,1587.9,433.8,5.3131294,3.4768807999999995,1,4
805,2482,2110111111,17273,20572,82,272,691359,579365,410037,646246,1594.9,1761.1,4.080418,1.021031,1,13
806,2483,2110111111,36505,2,0,65,119424,47,0,0,1588.6,2038.5,-2.3216547999999997,4.9724927,1,13
807,2485,2222211021,3520,174,29482,5,149555,131,0,259684,1593.2,322.32,-4.663261,1.624722,0,19
810,2495,2222211021,50134,105,62,17,176864,132,0,251757,1599.2,385.16,-4.013345200000001,2.8807042000000003,1,19
813,2500,2222211021,19991,13,110776,40,316138,3815,0,392896,1605.2,261.15,-4.2412577,0.7946978,0,19
814,2502,2212211101,114893,1390,232,1810,716790,25224,51,2182,1605.9,1660.0,3.0632447999999997,2.1016262,1,18
819,2521,2222211021,11361,15467,211745,124,317484,228,0,697622,1620.4,308.79,-3.3460410000000005,-0.7670329,0,19
821,2524,1111201000,56536,1181,0,94,967974,666,0,69,1623.6,1328.0,2.575297,-0.37025866,1,1
823,2528,2110111111,123297,130,20,200,520807,264,0,169,1625.6,1698.3,2.720434,4.272597,1,13
824,2529,2222211021,1184,5251,894811,30,281959,4066,0,21338,1625.2,242.02,-8.193116,-2.5166762,0,19
825,2530,2222211021,11275,4301,200791,72,326378,110,7164,494081,1626.2,382.55,-4.335057,0.35900423,4,19
826,2531,2110111111,483921,4282,340,807,647687,31545,107,197661,1632.5,1505.6,4.7225866,1.0439370000000001,1,13
827,2532,2110111111,139510,1714,506,561,656965,14288,14739,104165,1626.9,1750.7,3.0906404999999997,2.5768877999999997,1,13
832,2542,2222211021,33875,0,35850,105,305446,404,0,558295,1637.5,278.18,-3.8683389999999997,-0.08653561,1,19
833,2543,2222211021,40074,257,34147,0,302287,7432,0,325447,1635.1,336.2,-3.7001467000000003,1.2811056,0,19
836,2546,2110111111,158736,469,2850,742,619103,984,747982,681,1639.6,1721.9,-0.18317391,6.526848,2,13
839,2554,2111111111,122230,4,98305,477,541808,14891,0,759,1643.3,1671.6,2.518398,2.9994973999999996,1,5
841,2560,2222211021,50,789,699669,20,299753,1929,0,235758,1646.3,313.26,-7.6647015,-2.2497702,0,19
842,2561,2222211021,22079,61,647906,11,275545,2521,0,43617,1648.0,222.09,-8.0080185,-1.8388983,0,19
844,2565,2222211021,55885,2954,876,158,277490,7788,18131,384429,1655.9,402.02,-3.6097839999999994,0.9930449,1,19
845,2570,2222211021,89061,418,39,158,318060,4366,0,688319,1663.4,461.56,-3.4318564,-0.3064854,1,19
851,2583,2222211021,47839,1027,81327,76,229599,8,0,208199,1667.8,224.81,-3.982525,2.9692304,1,19
855,2590,2222211021,125389,1559,1373,140,349194,141,207,239791,1680.4,409.94,-2.4445900000000003,2.8339171000000003,2,19
856,2591,2222211021,46124,0,283148,0,292350,541,0,246071,1682.0,240.64,-3.7787523000000003,3.0447562,1,19
859,2598,1111201000,55061,7136,1015784,544,1121556,736,0,2947,1685.9,1843.5,-8.444460000000001,-3.0347815,1,1
862,2608,2110111111,180094,83,5360,203,266935,243078,0,173,1693.2,1627.2,4.110626,1.0167845,1,13
865,2611,2110111111,321,109,241105,338,274672,107,29037,41505,1695.2,1742.4,-2.7952156,5.5024858,4,13
866,2615,2222211021,1231,240,14965,21,218405,1930,0,373950,1703.3,338.28,-4.3049874,0.79957443,0,19
868,2620,2222211021,33224,268,528303,168,253105,92,0,79296,1705.8,253.48,-7.9322232999999995,-1.7494738,1,19
869,2623,2222211021,28388,3948,186231,80,181984,2656,3,379912,1707.6,424.57,-4.393076000000001,0.9449685,0,19
872,2628,2222211021,48049,116,75356,124,216529,8394,3197,453876,1709.9,313.71,-3.8109272000000005,0.8012100000000001,0,19
873,2630,2222211021,42951,3,617614,44,214102,149,0,168080,1709.9,396.23,-7.9217509999999995,-1.8260064999999999,1,19
876,2633,2222211021,57195,82,411383,192,285170,5815,11,173731,1710.5,229.53,-3.102611,3.4155374,0,19
879,2636,2111111111,379858,927,361696,4765,620909,3233,185,894398,1718.5,1680.9,-2.7351158,1.0122745000000002,1,5
880,2641,2110111111,127744,90,139278,1230,217720,252,0,2419,1722.0,1706.6,1.0118234,3.8060138,1,13
882,2646,2222211021,2236,68,2746915,195,380001,6400,49,199426,1733.0,329.6,-8.892491,-4.633705,0,19
884,2659,2222211021,0,7270,1272528,139,273732,331,144,65264,1735.0,397.84,-8.260821,-2.8619394000000002,0,19
885,2660,2222211021,32728,0,235542,39,466863,185,0,752033,1743.2,301.17,-3.330658,-0.8317785,1,19
887,2664,2222211021,322552,10203,116252,83,514652,4319,0,153365,1741.3,209.61,5.3703127,1.6086736000000001,1,19
891,2673,2110111111,345790,1404,51,849,509495,7115,0,5312,1757.2,1598.4,5.703110700000001,1.2289511,1,13
892,2674,2222211021,158,215,1076477,254,363573,5705,0,174031,1755.7,366.3,-7.840049700000001,-2.5914247,0,19
893,2676,2222211021,563,387,935380,313,189845,617,0,7030,1758.2,432.05,-8.283234,-2.4164922000000004,0,19
895,2682,2222211021,285,6568,1546303,1,351128,99,0,14688,1762.6,328.35,-8.775898,-3.640626,0,19
897,2685,2000001000,683942,104829,383495,4541,1051653,18870,95,7745,1769.1,215.83,5.151358,0.24255887,1,4
903,2698,2222211021,142,208,1699310,132,267641,706,13,5621,1782.3,416.25,-8.905014,-3.7995032999999996,0,19
905,2703,2222211021,6297,311,1898702,14,354428,90,343,16823,1788.0,383.9,-8.918699,-3.9238852999999994,4,19
907,2706,2222211021,845,1825,609456,349,185884,11465,0,31820,1793.2,338.67,-8.030961999999999,-1.8644493999999998,0,19
908,2708,2222211021,0,0,647828,0,159403,298,0,200782,1794.0,439.91,-7.7609330000000005,-2.1323724,0,19
913,2724,2222211021,10323,9,33702,15,128278,25,0,206914,1815.5,357.35,-4.4453177,2.5982618,1,19
914,2725,2222211021,55770,61,1582612,86,364357,12749,31,524335,1814.5,408.37,-7.6737646999999996,-2.5701315,0,19
919,2733,2222211021,38011,5527,32312,55,231517,8812,0,203022,1816.0,382.4,-3.477146,2.7279835,0,19
925,2756,1121011201,203875,265,21,423895,275529,1197,0,4111,1843.7,1743.9,2.9537723,3.6328902000000003,5,6
928,2765,1121011201,87972,891,0,20597,134999,14500,0,128,1853.7,1769.6,1.2274443000000002,3.5099485,5,6
930,2775,2000001000,59508,130,39940,56,222404,401,0,37966,1880.3,338.62,-1.9812328999999997,5.1191916,1,4
932,2781,1121011201,65098,73,0,129,361279,66,1883,62692,1877.2,1640.6,-0.9381851000000001,5.9414,2,6
934,2784,2222211021,22559,0,2719,4,228078,90,0,100601,1884.0,363.74,-3.9793453000000003,3.5650752,1,19
937,2793,1121011201,85054,2656,0,983,1388563,504,102,717,1899.9,1646.7,3.7094373999999997,-1.121037,1,6
940,2798,2222211021,7539,5392,926416,76,267357,312,0,374390,1934.8,429.8,-7.650777000000001,-2.3539069,0,19
942,2800,1121011201,151136,10619,1072,301,482908,1274,230,218,1938.9,1626.8,3.422589,3.228056,1,6
944,2803,1121011201,138247,11230,3,177,364664,4252,0,40600,1950.4,1312.8,2.829503,3.7264922,1,6
946,2805,2222211021,206425,5074,1236880,97,379582,53,0,17769,1953.8,510.39,-8.511619,-2.9290304,1,19
948,2807,2222211021,4222,2672,1269169,168,384051,211,0,188588,1963.6,473.79,-7.913702000000001,-2.7077162,0,19
950,2811,2222211021,2737,46,284327,106,167602,186,14866,387558,1962.8,428.58,-4.580925499999999,0.7096495,4,19
952,2816,2222211021,0,2063,1805061,120,290129,539,7,106071,1977.7,447.73,-8.898932,-3.8631407999999996,0,19
962,2841,2222211021,0,6133,80064,111,258133,221,0,688711,2005.2,468.7,-3.428707,-0.7179813,0,19
968,2860,1121011201,132398,54,178,313,190121,327,0,49386,2028.7,1161.3,1.129883,3.6517472,1,6
