,cell_id,barcode,ypos,xpos,cell_size,ChAT,Fru,Gad1,SerT,sNPF,Tbh,TH,VGlut,clone_id,clust_label,umap_1,umap_2
43,44,2010011221,1747,259,431,142808,0,0,0,224241,0,29095,4,18,0,3.4537413,7.551786
48,49,2010011221,1886,269,490,40032,22,38197,0,148689,0,0,1362,18,1,3.4202302,1.4944314
72,73,2010011221,1107,298,700,152236,0,0,0,107023,0,0,44550,18,0,3.8409824,5.4715166
75,76,2010011221,1693,297,404,3204,0,18828,0,114719,1505,3597,127141,18,2,6.998234,-1.9806134
76,77,2010011221,1920,296,404,46441,0,528,0,76100,0,0,0,18,3,3.910044,2.5245812
116,117,2010011221,1068,342,690,318147,22,0,0,213783,17,21,172172,18,0,3.1567175,7.813392
133,134,2010011221,1053,366,601,193265,0,368,1047,150243,0,111,74661,18,0,3.2810256,7.4536557
176,177,2010011221,722,404,432,105910,618,9342,0,364221,14442,0,0,18,0,2.8681965,5.706561
205,206,2010011221,1030,424,570,10946,201,140264,0,212323,8558,0,122832,18,2,6.6041203,-1.1850582
206,207,2010011221,1987,424,423,66449,1,14241,0,99864,62,33363,14359,18,3,3.8136716,2.942941
251,252,2010011221,607,454,624,245728,2109,89396,0,223186,76,0,50186,18,0,3.1805806,7.799079
276,277,2010011221,579,471,456,140594,0,0,0,103650,43,5,0,18,0,3.3448327,7.327348
304,305,2010011221,570,504,480,26245,21,31717,0,127710,2396,0,42568,18,1,4.7802205,-0.043665726
411,412,121001000,2050,670,672,168836,18,0,0,551635,398,0,30,6,0,3.1951182,6.3070464
413,414,2200211200,2071,669,438,102778,126,0,46,265430,87,0,92,25,0,3.4203908,6.022419
427,428,2010012221,1972,694,312,20238,0,92,0,225325,27,8,108116,19,2,7.2190137,-1.823413
436,437,2200211200,2176,710,1004,8129,0,0,0,97642,2109,0,0,25,1,3.8103542,-0.07244008
454,455,2200211200,2082,726,556,192787,2580,0,0,356910,2086,0,7,25,0,3.2179277,7.676966
458,459,1111112111,297,732,407,29053,0,508,141,62685,9913,207,1687,13,1,2.9198942,1.706752
459,460,2010012221,1940,735,525,15605,215,30804,0,265079,8577,0,268482,19,2,7.8410654,-2.9550188
460,461,2010012221,1957,730,322,43427,5971,8,0,236397,0,0,400750,19,2,8.610975,-3.6220262
461,462,2200211200,2158,731,379,60031,29,0,0,810726,1186,1125,0,25,4,-3.073403,2.656606
488,489,2200211200,2156,762,750,65889,9,0,204,599620,99,0,12,25,0,1.520143,2.2255383
497,498,2010012221,1972,774,519,36328,4,40,0,343138,0,0,230934,19,2,7.577222,-2.3954153
502,503,121001000,2041,783,814,166354,18,42,0,510031,186,129,51836,6,0,3.3138943,4.8318653
505,506,2120212020,2172,780,326,80340,0,0,0,171835,0,0,11,24,0,3.4584086,6.1111217
506,507,2120212020,2092,782,460,93522,65,0,0,410207,96,4073,91,24,0,2.971307,4.511119
513,514,2010011221,1901,793,408,59429,306,0,0,173395,4636,0,0,18,0,3.1232388,3.7295117
517,518,2120212020,2156,795,539,154637,864,0,0,305090,0,0,0,24,0,3.472777,6.906755
518,519,122011221,2260,796,849,58049,110634,82,0,1833185,26,1150,31,7,4,-7.7030163,2.2191632
522,523,2200211200,2206,801,589,121458,57,0,0,2327696,110,2443,34,25,4,-8.287941,2.1965427
529,530,2120212020,2231,800,532,83015,6,0,0,281276,5943,0,385,24,0,3.0480464,3.945323
535,536,2120212020,2104,801,479,182535,0,0,0,262313,165,38641,80,24,0,3.1291742,7.8475676
548,549,2010011221,432,817,295,9553,0,67,0,20230,0,0,468,18,1,3.8605874,0.041295625
554,555,2120212020,2251,825,722,86606,3118,0,0,500549,3156,0,6998,24,0,1.750088,2.515325
557,558,122011221,2299,822,506,26646,5410,0,0,206052,0,0,26,7,1,2.1786382,0.86108464
571,572,2200211200,2210,835,668,75679,75,0,0,3624087,0,6582,1344,25,4,-8.144204,2.0623825
572,573,2200211200,2066,833,453,211799,4,0,0,220301,81,5,52,25,0,3.0458293,8.054663
573,574,2120212020,2144,832,487,22103,4361,0,0,304029,994,0,0,24,1,1.3693789,0.89286095
579,580,2010012221,1981,842,525,20739,0,3219,0,359705,143,0,248821,19,2,7.6108904,-2.5463455
582,583,122011221,2279,839,567,108479,353,0,0,383395,1,0,0,7,0,3.1780338,4.5140047
593,594,2120212020,2244,847,487,78149,0,0,0,287724,353,0,125,24,0,3.2929811,4.297571
594,595,122011221,2308,848,605,18622,5678,0,34,458465,126,0,30,7,4,-0.11422988,1.0009184
604,605,122011221,2334,848,411,3651,468,0,0,137251,0,0,0,7,1,2.879791,0.099867284
618,619,2200211200,2079,864,1180,89967,12440,419,23336,371458,14643,24608,1627,25,1,2.5021966,2.0630567
621,622,122011221,2263,864,557,74992,141,0,0,255957,3673,0,90,7,0,3.0608714,3.3527575
626,627,122011221,2355,862,594,24685,4556,3,0,337027,0,0,0,7,1,1.6091793,0.84959537
639,640,122011221,2331,868,361,50084,14256,0,0,356632,0,0,4,7,4,-2.4395177,2.6350963
655,656,122011221,2316,881,628,92299,18423,0,0,992730,72,671,19,7,4,-3.0212295,2.6395361
656,657,122011221,2382,878,500,63843,83159,0,0,915632,62,518,18,7,4,-8.322688,2.2071989
670,671,1111112111,701,887,464,13416,1082,438627,0,128946,2516,0,0,13,5,4.3626204,-1.6890004
672,673,122011221,2355,886,673,26712,3511,0,0,1005699,581,147,0,7,4,-2.5626194,1.4921832
685,686,2120212020,2183,901,534,32737,0,0,0,329004,47,0,191721,24,2,7.314532,-1.9782064
691,692,122011221,2285,901,531,76502,27754,0,0,480118,8266,66,11758,7,4,-2.7333815,2.713844
693,694,2010011221,258,897,398,73,15,188014,0,23569,0,2094,0,18,5,4.2313447,-1.3352686
696,697,122011221,2400,899,489,22062,40868,248,0,1019656,10,1393,287,7,4,-6.957953,2.1170127
701,702,122011221,2336,903,566,46610,4654,0,0,728231,0,0,395,7,4,-1.7652999,1.9303007
704,705,122011221,2378,901,390,12335,12325,0,0,368501,0,59,0,7,4,-2.0103045,1.4187206
715,716,122011221,2310,906,569,23464,784,0,0,560750,10072,0,58157,7,4,-0.5093976,0.17956528
728,729,122011221,2352,915,383,14296,75,0,0,463888,0,0,148,7,4,-1.2173382,1.218264
744,745,122011221,2381,927,580,15837,5526,0,0,758811,105,0,0,7,4,-2.3164515,1.4339802
750,751,122011221,2361,927,309,3236,3610,0,0,449761,92,0,0,7,4,-2.8166192,1.5147461
758,759,122011221,2321,929,538,22289,2,8,0,534497,2,0,59325,7,4,-0.53284585,0.18157941
762,763,2120212020,2208,930,336,67309,7,0,0,220114,10885,0,118670,24,2,7.082666,-1.2130775
765,766,122011221,2406,936,682,36642,48369,0,0,981264,0,271,518,7,4,-4.983276,2.1779265
774,775,122011221,2436,940,652,14647,31569,0,0,648906,0,83,187,7,4,-2.929436,1.6069055
778,779,122011221,2336,943,579,25665,0,0,0,749505,0,0,3376,7,4,-1.4736931,1.2583793
793,794,122212201,1971,949,819,3018,53,2654029,7,482315,203,600,66272,9,6,5.4495873,-4.2903385
802,803,122011221,2365,949,432,6585,0,0,0,506484,0,312,0,7,4,-1.0547867,0.80710983
809,810,121001000,2001,956,753,89932,12,182495,0,524997,67,620,334627,6,2,7.4613495,-2.1442375
810,811,122011221,2289,950,663,26939,2464,0,0,653432,7061,0,49030,7,4,-0.5164288,0.22185323
812,813,122011221,2388,952,447,20853,6751,0,0,605046,56,0,0,7,4,-2.387603,1.5958596
820,821,2120212020,2216,959,690,28028,3786,0,0,365607,0,0,180502,24,2,6.490527,-1.1238338
821,822,122011221,2346,959,287,3887,0,0,0,315236,0,0,79,7,4,-0.9499507,0.8378857
827,828,122011221,2313,961,599,31936,8,0,0,544046,21,23,6509,7,4,-0.06783377,1.1700758
837,838,122011221,2422,961,429,30422,2648,0,0,253922,4,0,0,7,1,1.9430337,1.1501161
846,847,122212201,1944,966,469,2393,12043,1818461,0,223536,20,467,18,9,6,5.8602676,-4.9992065
858,859,122011221,2279,971,561,66480,9118,0,0,670162,27,0,5051,7,4,-1.8755453,2.245513
859,860,122011221,2356,973,420,10685,1,0,0,529168,0,8430,252,7,4,-1.3240832,1.028447
860,861,122011221,2397,972,567,27335,32,0,0,562645,0,0,0,7,4,-0.4088079,1.2601235
863,864,122011221,2374,974,332,8825,6,0,0,328269,0,3052,0,7,4,-0.38234878,0.7641519
886,887,122212201,1924,983,526,1793,755,1755468,0,221542,0,258,0,9,6,5.6560717,-4.615234
896,897,122011221,2260,987,608,10557,3134,0,0,682839,78,0,30982,7,4,-0.7565086,0.44324127
897,898,122011221,2325,988,697,13493,295,0,0,653713,0,24,26488,7,4,-0.24101934,0.41407573
902,903,122011221,2300,984,579,53964,3666,0,0,628574,0,0,742,7,7,-0.7700958,1.9652429
903,904,122011221,2422,983,517,42874,14312,0,0,324552,0,0,0,7,7,-0.41289043,1.9528873
919,920,122011221,2348,995,482,8277,24,0,0,445578,0,6152,14030,7,4,-0.10054167,0.46696028
920,921,122011221,2383,991,247,2574,33,0,0,347445,148,1210,0,7,4,-2.5244143,1.3582116
933,934,122011221,2399,995,245,1470,109,0,1122,354595,0,0,0,7,4,-2.6556134,1.3768823
938,939,122011221,2366,999,253,1765,23,0,0,232209,0,50137,21,7,4,0.063811176,0.44829985
945,946,122011221,2434,1001,431,36388,6304,0,0,405854,0,0,938,7,7,-0.69768983,1.8778107
949,950,122011221,2279,1005,589,36983,7,0,30,780408,18,0,8028,7,4,-1.6206176,1.5579089
954,955,122011221,2460,1005,526,18354,3617,0,23,471292,122,0,146189,7,2,6.3856134,-1.0357487
959,960,122212201,1961,1005,565,453,711,2227807,0,318181,29,207,80,9,6,5.836311,-5.0729356
966,967,122011221,2415,1003,293,9558,201,0,2051,321834,0,0,0,7,4,-0.85642385,1.1993052
970,971,122011221,2247,1011,558,13031,145,0,0,591431,14,0,23139,7,4,-0.48109668,0.42006576
979,980,122011221,2304,1008,462,7189,0,0,0,478695,0,77,15282,7,4,-0.4461523,0.4445247
987,988,122011221,2381,1011,387,13359,1459,0,0,552757,0,1225,2,7,4,-2.431979,1.4293567
993,994,122011221,2334,1016,516,22776,6804,0,0,562536,0,0,2608,7,4,-1.4848071,1.3748722
1003,1004,122011221,2358,1018,302,4271,1959,0,0,255079,0,5742,8,7,4,-0.18100461,0.54367495
1004,1005,122011221,2402,1020,500,34541,60,0,0,486212,5,0,0,7,7,-0.37701377,1.6500823
1012,1013,2010011221,972,1026,529,154044,0,0,0,51857,0,0,6,18,0,3.4568813,7.186436
1027,1028,122011221,2264,1027,469,40936,181,0,0,602110,0,0,460,7,4,-1.4701467,1.9408495
1031,1032,122011221,2296,1031,853,30357,3518,0,0,923271,3,38,487,7,4,-1.036258,1.148978
1038,1039,122212201,1959,1035,700,3390,2849,2727296,0,411040,63,2427,126,9,6,5.8792334,-5.04203
1044,1045,122011221,2428,1035,494,52044,34804,0,0,461858,0,0,12174,7,4,-3.1239607,2.4005454
1048,1049,122212201,1920,1036,570,491,3832,1979797,0,247994,0,92,0,9,6,5.7088943,-4.686177
1050,1051,122011221,2377,1034,482,18018,40,0,0,697183,1,0,0,7,4,-2.2960694,1.4404156
1054,1055,122011221,2337,1038,552,12958,3447,0,0,628824,0,0,4411,7,4,-1.2190038,1.0334325
1057,1058,122011221,2240,1039,507,11326,193,0,0,364843,5,0,11831,7,4,0.095869645,0.725465
1060,1061,122212201,1887,1042,609,1886,101,2424842,0,388556,3984,733,3,9,6,5.799233,-5.0667167
1069,1070,122011221,2398,1039,244,16469,2957,0,0,188769,0,0,0,7,7,-0.36614203,1.7105745
1079,1080,122011221,2502,1044,294,6433,7999,0,0,486032,6,226,55516,7,4,-3.113031,1.5782951
1081,1082,122011221,2442,1053,770,82076,8038,0,0,421366,0,0,6883,7,0,1.889264,2.4432476
1086,1087,122011221,2272,1049,613,22266,519,0,0,659367,0,0,884,7,4,-0.8090361,1.1714104
1091,1092,122011221,2414,1053,559,33744,21896,0,0,528116,3,137,0,7,4,-1.8956127,1.7872347
1104,1105,122011221,2387,1057,512,34001,178,0,0,310820,72,3154,37,7,1,2.0097528,1.0256757
1109,1110,122212201,1973,1055,284,428,394,760331,0,166221,0,0,4181,9,6,5.2488008,-4.126336
1117,1118,122011221,2249,1063,572,43231,12134,0,0,565990,0,8215,26570,7,4,-1.3856002,1.6754918
1119,1120,122011221,2308,1062,694,26704,3,0,0,586977,0,0,14781,7,4,-0.1267422,0.9464232
1127,1128,122212201,1863,1060,354,1014,0,1916033,0,247160,0,10,0,9,6,5.610875,-5.2318563
1131,1132,122212201,1915,1066,1135,525,4530,3569828,0,631816,20,94,0,9,6,5.5460844,-4.436727
1135,1136,122011221,2339,1064,776,31354,0,0,0,727480,0,0,14715,7,4,-0.24148805,0.914886
1137,1138,122011221,2184,1069,787,41150,56595,0,31,962071,47,55977,60530,7,4,-4.255125,2.0730495
1142,1143,122212201,1964,1067,496,2217,69,1846808,0,305084,1106,485,4981,9,6,5.828191,-4.9561696
1146,1147,122212201,1882,1070,671,971,22,2495751,0,369607,66,575,0,9,6,5.8531203,-4.9542074
1153,1154,122011221,2455,1072,425,20744,4244,0,0,394855,0,0,0,7,4,-0.612287,1.4499937
1154,1155,122011221,2503,1071,440,8116,41856,0,0,737827,14,679,5577,7,4,-6.5702224,1.9741751
1158,1159,122212201,1943,1076,422,1612,115,1380792,0,221330,5869,0,0,9,6,5.4894433,-4.601113
1159,1160,122011221,2478,1075,582,58263,39829,0,0,920968,34,0,1311,7,4,-5.568451,2.2979276
1161,1162,122011221,2263,1076,531,15519,49262,0,0,568373,0,1445,0,7,4,-4.8483205,2.116927
1167,1168,122011221,2288,1077,387,3374,44,0,0,322872,0,378,643,7,4,-0.02216251,0.63274664
1168,1169,122011221,2369,1079,593,25056,3111,0,1062,579477,2,0,0,7,4,-0.6688006,1.2823652
1171,1172,122212201,1851,1086,886,15362,28,3135629,0,501608,0,516,113,9,6,5.7057056,-4.7127604
1177,1178,122011221,2421,1085,575,22842,27594,0,4605,465521,0,0,317,7,4,-2.1856625,1.6145164
1189,1190,122212201,1958,1086,272,30441,0,592443,0,167798,0,0,29053,9,5,4.3179846,-2.1669235
1190,1191,122011221,2442,1090,507,23645,32158,0,0,618040,19,0,0,7,4,-4.071299,2.1183102
1199,1200,2120212020,2223,1097,1119,9978,566,1033,0,547219,2,3479056,3511,24,4,0.4408788,0.35217783
1200,1201,122011221,2335,1096,975,8391,1294,0,0,680826,0,598,52,7,4,0.036328584,0.68083453
1203,1204,122212201,1920,1099,939,13964,146,2731863,0,513111,12,105,57,9,6,5.374564,-4.186772
1206,1207,122212201,1897,1091,239,90,0,903478,0,132654,0,3,0,9,6,5.8603373,-5.0204315
1207,1208,122011221,2499,1093,477,7337,49518,0,0,1221272,2,0,14496,7,4,-7.5799203,2.1058586
1210,1211,122011221,2273,1093,404,3940,394,0,0,425156,4,4061,0,7,4,-0.65200377,0.66220593
1212,1213,122011221,2466,1095,377,27919,65405,0,0,708048,21,5,0,7,4,-7.8801146,2.1694355
1220,1221,2120212020,1974,1096,286,42329,35,78551,0,161594,0,42,275029,24,2,8.546467,-3.570447
1221,1222,2120212020,2176,1106,850,3712,0,18,0,394943,8,2583695,5693,24,4,0.42567423,0.3636948
1229,1230,122011221,2376,1103,579,48810,7155,0,82386,536429,0,66472,259,7,8,2.4147115,3.7901223
1232,1233,122212201,1885,1106,576,11224,69,1815305,0,376674,6,107,0,9,6,5.456034,-4.36401
1234,1235,122011221,2251,1105,472,23293,10607,0,0,399049,0,8426,42807,7,4,-0.54038006,0.27235755
1235,1236,122011221,2404,1106,670,19213,337,0,194850,268216,17,119378,4123,7,8,2.34785,3.802106
1239,1240,122011221,2538,1108,581,2862,61147,0,0,721202,1,309,5963,7,4,-5.489231,2.05768
1256,1257,122212201,1842,1116,583,58793,0,1595668,0,337804,0,28,185,9,5,4.385712,-2.5512762
1257,1258,122011221,2278,1112,618,13586,0,0,0,572223,13,32158,0,7,4,-0.112564385,0.5181352
1259,1260,122212201,1864,1116,652,84612,27,1454352,0,429058,0,23,0,9,5,4.2506237,-2.1655056
1261,1262,122011221,2431,1113,515,27134,59168,0,4,607109,0,0,0,7,4,-5.957182,2.0934756
1268,1269,122011221,2454,1122,814,82976,56918,0,0,993997,10,0,0,7,4,-3.5438418,2.5044537
1276,1277,122011221,2495,1119,594,66838,46294,0,0,1358443,212,22,5298,7,4,-6.8804975,2.3103433
1307,1308,122011221,2299,1127,442,2403,0,0,0,186572,0,29,0,7,1,2.748702,0.23892726
1313,1314,122011221,2375,1129,636,26551,33781,0,464,933310,20,265,0,7,4,-4.2498956,2.108932
1315,1316,2120212020,2160,1130,349,16310,0,0,0,289553,53,747622,199,24,4,0.38080323,0.38648695
1316,1317,122011221,2260,1127,248,10650,16,0,0,166390,0,0,570,7,1,1.5937527,0.8283126
1317,1318,122011221,2480,1133,548,91625,43542,0,0,972948,0,0,23,7,4,-6.2437544,2.5739758
1318,1319,122011221,2527,1134,616,45014,84559,0,0,899685,8,0,4185,7,4,-7.019965,2.2317147
1324,1325,122011221,2413,1134,583,9584,32832,0,0,802641,69,124,16,7,4,-4.340438,2.0294356
1334,1335,2120212020,1886,1135,654,121157,7949,128357,0,568712,44,141,8,24,0,1.5375764,3.1441693
1345,1346,122212201,1830,1138,426,77759,150,933585,70,291769,199,35,54309,9,5,4.170956,-1.8812339
1353,1354,2120212020,1961,1143,682,97306,30,292125,9,464251,5520,0,6748,24,0,2.4626813,2.6382349
1364,1365,202012000,2562,1149,571,21259,452,0,0,354526,5156,0,128746,10,2,6.407926,-1.0352836
1369,1370,122011221,2504,1147,478,14317,90761,0,0,830637,0,0,250,7,4,-7.868461,2.128531
1376,1377,122011221,2390,1148,505,70215,26,0,0,246780,0,0,0,7,0,3.0760891,3.2674496
1377,1378,2120212020,1932,1154,855,105814,430,454,0,345442,8562,3975,192,24,0,2.9766996,3.3792157
1394,1395,122212201,1795,1159,574,16487,577,867241,1,577517,15163,83,339051,9,2,7.168727,-2.9051995
1398,1399,2120212020,1889,1164,837,135691,170,22086,0,920914,984,18,118,24,0,1.3954073,2.995527
1399,1400,122011221,2445,1160,506,36630,29165,0,0,1007986,0,0,170,7,4,-5.936341,2.1046872
1403,1404,122011221,2417,1158,357,18455,35088,0,0,542994,31,46,0,7,4,-6.1250596,2.0081484
1426,1427,2120212020,1963,1172,779,79954,0,951,0,236957,0,5501,6,24,3,3.6406078,2.1981924
1428,1429,202012000,2599,1172,837,0,0,0,0,187906,11046,0,372387,10,2,7.629615,-2.9587257
1437,1438,122212201,1696,1174,373,42761,0,0,0,64553,6,0,5086,9,3,3.8951745,2.4699306
1440,1441,122212201,1853,1173,350,94475,0,207307,0,1596814,0,560,0,9,4,-8.384307,2.263534
1444,1445,122011221,2403,1174,354,16833,7045,0,10,147257,30,0,58,7,1,1.5729591,0.89656645
1447,1448,2120212020,1915,1184,958,148697,27737,941,28,311465,817,0,138,24,0,3.0915122,4.4036694
1473,1474,122011221,2016,1184,391,54763,48050,0,0,484536,0,13,1029,7,4,-6.292634,2.5845382
1486,1487,122011221,2415,1189,396,18849,25978,0,24,882854,78,10,119,7,4,-6.814491,2.0659556
1496,1497,202012000,2575,1195,695,12916,1050,0,33,337535,30924,0,190736,10,2,6.801909,-1.2668688
1536,1537,2120212020,1878,1207,416,132843,88573,412,0,374477,0,0,0,24,4,-8.515586,2.4577003
1539,1540,2120212020,1903,1210,632,158179,138680,101,0,374554,2726,0,0,24,4,-8.501761,2.45569
1562,1563,202012000,2555,1217,686,6255,1917,0,0,292980,10211,0,41071,10,1,2.9038951,1.0317426
1571,1572,202012000,2594,1223,843,24293,699,0,0,327833,3,0,361798,10,2,7.5618615,-2.5760117
1589,1590,1111112111,507,1226,538,828,89,826795,54,84319,1439,9,887,13,5,4.4980035,-2.4208333
1597,1598,122011221,1988,1229,706,79875,32218,8,0,870825,28,0,14,7,4,-3.009048,2.4846218
1641,1642,202012000,2578,1242,482,13221,0,0,0,136075,812,0,132866,10,2,6.847315,-1.5776695
1672,1673,2010011221,908,1250,399,51731,0,0,0,63293,373,0,10506,18,3,3.8543947,2.6285484
1697,1698,202012000,2620,1258,689,15041,790,0,0,328567,12111,0,182411,10,2,6.773432,-1.2856886
1770,1771,22211201,2564,1280,362,41399,34772,0,0,634473,0,0,4,2,4,-6.397591,2.426417
1800,1801,1111112111,663,1285,274,14826,807,0,0,31211,0,0,7377,13,1,3.9835715,0.24806574
1844,1845,2001212001,1706,1302,575,79638,24094,7904,11,252778,5639,0,39,17,0,1.6529298,2.7980313
1872,1873,2001212001,1734,1309,792,31298,0,454209,0,175464,2675,8,9,17,1,3.9437988,-0.83835566
1873,1874,2120212020,1871,1303,383,129818,26,1936,0,227022,3732,0,43,24,0,3.305638,7.607163
1937,1938,122011221,1948,1334,863,172935,5561,0,0,1551679,14955,137,0,7,4,-2.8472502,2.7151377
1940,1941,22211201,2578,1324,439,26592,79203,0,0,1151274,0,0,0,2,4,-8.039441,2.0368114
1986,1987,22211201,2643,1341,607,80401,23851,0,0,791486,0,0,7931,2,4,-2.9799883,2.539679
2003,2004,22211201,2614,1347,702,23844,153934,0,0,1619714,0,0,0,2,4,-8.093659,2.0239248
2011,2012,22211201,2586,1348,514,20099,50425,0,0,814374,4376,0,0,2,4,-6.2437053,2.0067115
2012,2013,2110111111,2841,1350,572,13444,0,0,0,188481,2896,0,171861,22,2,6.993311,-1.7432175
2017,2018,122212201,1494,1354,672,25063,0,1841,0,81425,3047,0,32408,9,1,4.5086503,0.008983218
2023,2024,22211201,2493,1356,899,38868,88978,0,0,1138522,0,0,0,2,4,-5.586289,2.161818
2034,2035,2001212001,1643,1359,737,217307,24300,51,0,269913,5245,0,30870,17,0,3.4602044,6.8887105
2035,2036,2001212001,1736,1356,599,103754,8985,62187,0,244316,73,0,939,17,0,3.3215034,4.336542
2058,2059,22211201,2569,1366,715,41644,99522,0,0,1228669,0,0,0,2,4,-7.383321,2.1856296
2066,2067,22211201,2652,1368,698,40827,32407,5444,0,1229302,0,0,13537,2,4,-4.8610826,2.134034
2080,2081,22211201,2602,1376,763,73063,101648,0,0,1483362,0,152,724,2,4,-7.6612883,2.2583365
2081,2082,2110111111,2805,1382,1007,9147,3935,0,0,370239,0,0,1839690,22,2,8.583441,-3.5556436
2084,2085,22211201,2441,1380,809,97656,72542,0,1,1366546,15,0,0,2,4,-6.258602,2.522477
2100,2101,2001212001,1764,1377,478,33588,1892,216766,0,102227,0,0,0,17,1,3.6764572,-0.22692344
2109,2110,2001212001,1689,1384,696,294029,121139,0,0,325421,45,0,370,17,-1,2.3052645,7.8140693
2115,2116,22211201,2539,1382,610,16543,24922,0,0,901075,0,0,0,2,4,-4.108793,2.0003786
2116,2117,22211201,2630,1384,607,14585,44585,0,0,926507,0,0,0,2,4,-5.1657577,2.1007712
2134,2135,22211201,2574,1390,698,102602,118913,0,0,1366440,0,0,0,2,4,-8.378487,2.272877
2142,2143,22211201,2485,1401,962,73709,48812,0,0,1867788,0,1,0,2,4,-5.6205907,2.157684
2146,2147,2001212001,1740,1392,378,20562,0,169452,0,104669,0,0,0,17,1,3.6694386,-0.29625443
2159,2160,2001212001,1606,1403,784,186885,225005,0,0,333165,3,0,40964,17,4,-8.473065,2.4093628
2180,2181,22211201,2525,1404,677,36234,76281,0,0,1224379,0,0,0,2,4,-7.100655,2.1430962
2181,2182,22211201,2558,1410,837,63575,78192,0,0,1385199,0,0,2325,2,4,-6.2254663,2.1515126
2198,2199,2001212001,1704,1411,880,389387,108733,0,0,420619,31,0,23,17,-1,2.4643707,7.8494487
2237,2238,22211201,2539,1420,132,4159,7748,0,0,146285,28,0,0,2,4,-3.7248573,1.9789021
2242,2243,120001000,1740,1425,527,196009,95,215907,0,270061,10245,0,0,5,0,3.0691056,7.5975637
2249,2250,22211201,2521,1424,265,36244,48613,0,0,463022,0,0,0,2,4,-8.338017,2.2715995
2262,2263,2001212001,1617,1436,759,96065,14,0,0,319142,2009,0,0,17,0,3.086851,3.1388485
2268,2269,22211201,2419,1435,392,2576,9572,0,0,197186,0,0,0,2,4,-0.06625488,0.6566779
2269,2270,22211201,2483,1431,253,34716,41371,0,0,497847,0,0,0,2,4,-8.279938,2.1871526
2273,2274,22211201,2509,1439,598,36305,66692,0,0,1098305,0,0,0,2,4,-7.0783405,2.1591043
2280,2281,120001000,1784,1439,685,63404,0,489233,0,319533,18257,0,263,5,1,2.8175638,1.7006954
2303,2304,120001000,1748,1441,324,127651,65,187010,0,175092,1882,0,5,5,0,3.1091359,7.6892667
2304,2305,22211201,2491,1446,323,52772,52288,0,0,614418,0,0,0,2,4,-8.394753,2.2871816
2309,2310,2001212001,1642,1452,756,118366,6882,0,0,1141430,767,0,0,17,4,-2.6996007,2.6493697
2319,2320,22211201,2447,1458,836,67625,127390,0,0,1566317,62,0,41,2,4,-7.720853,2.2571688
2331,2332,22211201,2472,1458,535,21220,53692,0,0,1353896,0,0,0,2,4,-7.496021,2.0998945
2334,2335,22211201,2529,1456,307,7093,9025,0,10,368052,0,0,2787,2,4,-2.7935107,1.4865732
2342,2343,2001212001,1672,1460,658,195858,10074,0,0,342020,0,66,0,17,0,3.506241,6.9685264
2350,2351,22211201,2425,1463,354,24097,12415,0,76,376271,132,0,84,2,4,-2.0012848,1.8623583
2365,2366,2212211101,2704,1473,791,46895,1667,1003,0,191793,0,0,110426,27,1,5.176619,-0.23943585
2370,2371,22211201,2491,1464,221,4128,31407,0,0,549747,8,0,0,2,4,-7.8112555,2.087865
2395,2396,2001212001,1627,1480,534,176035,75321,0,86,189404,113,0,212,17,-1,2.2805586,7.751912
2402,2403,22211201,2416,1486,718,44232,43618,0,0,1222473,34,0,0,2,4,-5.3508677,2.155116
2406,2407,2001212001,1647,1481,414,153797,10546,44,0,170989,0,0,0,17,0,3.1024897,7.857156
2409,2410,22211201,2501,1476,234,47134,46038,0,0,328043,0,0,865,2,4,-8.4846,2.384623
2410,2411,2212211101,2735,1486,692,70108,2644,79,0,208012,0,0,0,27,3,3.513966,2.273934
2411,2412,120001000,1728,1478,282,91279,0,0,0,135143,67,0,0,5,0,3.3976085,7.492993
2417,2418,2001212001,1677,1485,631,286028,8501,59,0,623771,0,79,0,17,0,2.8896158,8.02718
2418,2419,22211201,2470,1485,715,135363,13328,0,63,846184,978,0,21,2,0,1.1142193,3.1215396
2426,2427,22211201,2441,1493,814,37085,53400,0,0,1055902,0,0,0,2,4,-4.2539306,2.1150281
2434,2435,120001000,1760,1491,520,102405,6017,7344,0,268563,0,0,0,5,0,3.12562,4.5856013
2456,2457,22211201,2495,1494,491,26007,25524,0,0,729220,0,0,7591,2,4,-4.2271376,2.0896773
2462,2463,120001000,1705,1498,513,180624,95,0,41,348732,84,0,92,5,0,3.2099948,7.7100544
2473,2474,22211201,2399,1503,386,8015,881,0,0,134204,0,0,0,2,1,2.78155,0.27024907
2497,2498,22211201,2480,1513,678,42070,87340,0,0,646039,0,0,0,2,4,-5.894523,2.1546829
2498,2499,1101111121,2647,1513,674,13908,8062,0,0,544390,111,0,17005,11,4,-0.36077082,0.49674174
2516,2517,22211201,2387,1520,410,42,150,0,0,108966,0,0,0,2,1,2.9974084,-0.0015656855
2534,2535,120001000,1782,1524,774,130372,459,0,96,400335,1665,0,0,5,0,3.3834383,4.3649755
2539,2540,22211201,2407,1523,349,10693,0,0,0,134748,0,0,0,2,1,2.6952178,0.46946958
2545,2546,2001212001,1651,1525,634,125671,2,0,0,113258,0,0,0,17,0,3.862178,5.493926
2546,2547,120001000,1742,1523,275,101391,0,16,19,143496,4062,0,0,5,0,3.0512075,7.8692546
2566,2567,22211201,2422,1536,483,16414,824,0,26,237182,0,0,0,2,1,2.4802518,0.53736436
2571,2572,2001212001,1575,1539,679,257240,16546,0,0,258275,10552,0,8483,17,0,3.0132363,7.919421
2574,2575,1101111121,2689,1537,592,88452,0,0,0,303691,824,0,76,11,0,3.2913709,3.9172068
2597,2598,121001000,1665,1543,652,75757,0,0,0,289150,374,0,0,6,0,3.0446603,2.8847368
2613,2614,1101111121,2801,1546,521,33938,46,1764,310,168753,0,0,63,11,1,3.2948189,1.1636047
2630,2631,2001212001,1601,1551,646,111120,19809,0,0,978876,2815,0,0,17,4,-2.9222422,2.6633627
2647,2648,2212211101,2608,1561,626,59188,0,0,0,309160,223912,0,81,27,6,4.856577,-4.923471
2658,2659,1111211111,1770,1565,605,201474,51,0,0,377013,1100,1,32,15,0,3.336476,7.614374
2678,2679,22211201,2319,1572,566,99191,15619,0,82,513884,13,0,11,2,0,1.2531111,3.1019464
2711,2712,2212211101,2669,1578,565,11123,0,106794,0,209953,0,0,2758,27,1,2.8261414,0.17120741
2728,2729,2212211101,2540,1582,818,213590,7108,0,0,768345,926,0,65,27,0,3.032437,6.3425384
2745,2746,2212211101,2509,1589,822,203183,2594,0,123,956506,190,0,1835,27,0,2.9423945,6.3081136
2751,2752,1101111121,2823,1587,591,104073,843,30733,0,123783,0,0,0,11,0,3.9038303,5.2299795
2753,2754,22211201,1993,1583,579,66569,0,53,0,173640,43,0,0,2,3,3.6474032,2.3638868
2782,2783,2212211101,2567,1600,742,171115,0,0,0,2024323,9426,100,8212,27,4,-6.1310964,2.6341794
2804,2805,2212211101,2453,1604,739,119147,7820,0,0,206966,0,0,0,27,0,3.702908,4.4862576
2808,2809,2212211101,2595,1606,746,27940,0,0,1301,2656647,4,176,22476,27,4,-7.354299,2.1223361
2810,2811,1101111121,2690,1604,512,23387,3878,0,0,177297,0,0,5516,11,1,2.554492,0.71395415
2841,2842,2212211101,2527,1613,492,178,0,0,0,261309,0,0,78780,27,2,6.1820946,-0.8479903
2862,2863,1101111121,2871,1617,525,5597,0,154145,0,5601,0,0,0,11,1,3.9093056,-0.6471887
2874,2875,2212211101,2641,1619,388,26852,0,0,0,355405,1081,0,37755,27,4,-0.47991228,0.23554489
2891,2892,2212211101,2578,1628,620,131,0,0,0,257710,0,0,231265,27,2,7.2790694,-2.4424665
2904,2905,2212211101,2611,1632,824,51424,58,0,0,463194,0,0,8582,27,1,2.1504712,0.9729732
2914,2915,2202211201,1756,1630,459,13720,0,0,0,98584,25,0,0,26,1,3.73612,0.10697058
2916,2917,2212211101,2501,1635,489,20629,536,0,0,106765,0,0,5078,27,1,3.716561,0.21842794
2967,2968,22211201,1961,1648,459,117903,0,0,0,137600,0,0,0,2,0,3.6287766,6.4417157
2980,2981,2212211101,2589,1652,516,1269,0,0,0,299839,4,0,94279,27,2,6.2313275,-0.9193746
2986,2987,2212211101,2532,1653,418,6814,98,0,0,119762,13,1404,119934,27,2,6.9246993,-1.8077382
3003,3004,2212211101,2490,1659,591,48015,0,0,0,340522,4,0,9944,27,1,2.3291204,1.2053179
3018,3019,2212211101,2608,1664,506,52753,0,0,0,970402,0,0,61959,27,4,-3.2705255,1.8777057
3025,3026,2212211101,2573,1665,477,16888,0,0,0,222274,0,0,120653,27,2,6.5563884,-1.2984186
3029,3030,2212211101,2520,1669,581,28146,23,0,0,236067,0,41842,914,27,1,2.6042655,0.5528692
3030,3031,1101111121,2639,1662,466,2703,108,0,0,143862,0,15832,58521,11,2,5.6517987,-0.53029513
3051,3052,2202211201,1978,1676,665,266721,4478,0,0,297136,1240,0,10919,26,0,3.124264,7.9288335
3059,3060,2001212001,1467,1677,801,62765,1082,126019,0,419276,6008,0,0,17,1,2.5413635,1.5147201
3078,3079,2212211101,2477,1688,667,52527,0,0,0,950348,645,0,947,27,4,-1.738951,1.8154327
3089,3090,2212211101,2453,1684,661,77449,4,0,454,292598,63,0,2179,27,0,3.071629,2.8947954
3162,3163,2202211201,1954,1709,835,248123,4168,0,0,335745,106,0,374966,26,2,7.186285,-1.2517985
3168,3169,120001000,1458,1707,704,82511,85,3636,0,473910,24099,1,11493,5,0,2.402407,2.488754
3197,3198,2212211101,2470,1712,501,62171,37,0,0,459630,0,0,0,27,0,1.4101645,2.5230544
3212,3213,1101111121,2707,1714,470,58219,0,180628,0,176334,0,0,0,11,3,3.5711353,2.0680218
3247,3248,2110212001,2614,1729,631,117856,0,0,0,459438,52,0,12153,23,0,3.1592743,4.4925065
3262,3263,120001000,1437,1734,621,132024,0,119610,0,400056,10179,0,21691,5,0,3.0316644,5.2540164
3265,3266,2212211101,2497,1733,844,49930,0,0,0,458772,4760,0,172961,27,2,6.3196692,-0.96435255
3269,3270,2212211101,2572,1736,611,23390,0,0,0,1081826,0,0,9904,27,4,-2.9216104,1.6036221
3281,3282,2212211101,2461,1739,766,139083,0,0,7,414422,1700,0,4932,27,0,3.4101818,4.5202107
3311,3312,2202211201,1526,1750,762,35838,5379,0,0,71382,4559,3043,39803,26,1,4.553257,0.021952964
3332,3333,2202211201,1608,1753,567,131925,102,0,0,93367,0,0,0,26,0,3.8183641,6.0301094
3340,3341,2202211201,1633,1756,547,109596,0,0,0,204319,2,0,0,26,0,3.7395835,5.5510015
3344,3345,2212211101,2447,1758,426,40300,4055,0,2,616453,0,0,0,27,4,-1.8947732,2.0061874
3345,3346,2110212001,2630,1758,721,178198,1262,0,0,311530,25016,1704,56209,23,0,2.9178808,5.685284
3365,3366,2202211201,1567,1764,517,106084,0,0,0,104053,373,0,750,26,0,3.8323984,5.576018
3373,3374,2212211101,2379,1772,855,163071,988,0,151,262126,23,0,14768,27,0,3.778148,5.3067756
3384,3385,2202211201,2014,1769,569,153957,9505,0,1,568483,0,0,2139,26,0,2.9733548,6.4065595
3385,3386,2212211101,2427,1771,713,107018,39,0,730,239972,32,0,73,27,0,3.761225,4.245274
3389,3390,2202211201,1461,1773,739,248135,29,0,0,312423,32069,0,205,26,0,3.020799,7.5177603
3403,3404,2212211101,2515,1777,685,110343,0,0,185226,299892,4779,0,94114,27,8,2.3234348,3.8508859
3413,3414,2202211201,1479,1786,763,51225,0,0,0,172098,5950,0,467,26,1,3.2708294,1.4704136
3438,3439,2110212001,2695,1784,487,58931,6078,0,0,337983,3807,0,0,23,0,1.652128,2.6054513
3443,3444,2202211201,1419,1789,429,71457,0,24449,0,129430,1257,0,0,26,0,3.857741,4.8591924
3446,3447,2212211101,2349,1791,912,105721,186041,0,305,358804,149,0,40357,27,4,-6.3583593,2.541209
3454,3455,2110212001,2637,1792,506,41452,0,0,0,209046,0,0,76,23,1,3.1128178,1.4981028
3455,3456,2110212001,2667,1793,719,124587,11661,0,0,396968,51,0,11,23,0,3.0185018,4.448906
3473,3474,2212211101,2412,1801,852,198335,7354,0,9631,260178,3220,0,2601,27,0,3.4607112,5.943088
3484,3485,2110212001,2800,1802,565,21486,531,928,13,201989,0,0,84,23,1,2.7803605,0.548044
3491,3492,2110212001,2612,1804,872,62461,4624,0,0,340244,313,0,14,23,1,2.529395,1.2198766
3500,3501,2212211101,2392,1809,489,106388,5384,0,12942,259631,0,77,6317,27,0,2.8524542,4.776169
3503,3504,2110212001,2538,1802,345,176829,63,837,0,173309,0,85,42143,23,0,3.0073133,8.038158
3508,3509,2110212001,2721,1811,648,31341,0,0,0,479843,3083,0,0,23,1,1.3689706,0.9213063
3531,3532,2110111111,2838,1813,633,137941,8558,6354,0,183675,0,0,4359,22,0,3.5425532,5.9116983
3555,3556,2202211201,1470,1824,423,71052,0,44611,0,76281,0,0,0,26,0,3.9636137,5.075248
3562,3563,2212211101,2601,1828,635,20002,0,0,0,167799,9494,0,0,27,1,2.846366,1.3201636
3575,3576,2110212001,2698,1832,457,213180,13748,0,0,276083,0,0,0,23,0,2.9086475,8.032819
3591,3592,2110212001,2674,1833,474,89478,0,0,0,244057,0,0,0,23,0,3.4423208,4.6678658
3607,3608,2110212001,2714,1835,322,54527,0,0,0,142378,0,0,0,23,0,3.6219423,4.601324
3612,3613,2212211101,2404,1839,445,35277,0,66547,2581,96236,0,0,9710,27,1,3.4888575,1.3015363
3615,3616,2202211201,1567,1845,828,52959,0,0,1345,190964,20301,96,218609,26,2,6.932349,-1.3092326
3626,3627,2110212001,2491,1850,1362,44132,0,0,85,135777,24,0,15847,23,1,3.89076,0.075674236
3630,3631,2212211101,2586,1849,560,58876,764,0,0,129944,129,0,0,27,3,3.7281284,2.3282707
3643,3644,1111211111,1486,1853,442,42141,4682,117497,0,105628,0,0,3,15,1,3.3862278,1.6028315
3656,3657,2202211201,1534,1855,497,81659,5067,0,0,114437,1238,0,12784,26,0,3.755185,4.77276
3663,3664,2110212001,2667,1856,579,140834,0,0,0,301851,26150,0,4,23,0,2.808903,5.70764
3682,3683,2110212001,2434,1869,888,214404,133,225353,775,290086,3288,0,50,23,0,3.6591637,5.9571614
3683,3684,2110212001,2640,1868,737,107270,2623,4084,0,277010,6940,0,7714,23,0,3.0961318,3.682543
3690,3691,2202211201,1580,1869,555,53141,138,0,3624,149522,3266,0,153448,26,2,7.036683,-1.1767597
3697,3698,2110212001,2403,1876,953,94640,479,2208115,3283,462754,954,0,43,23,5,4.3146906,-2.359209
3699,3700,2212211101,2602,1870,634,29418,25,0,0,255891,6559,0,14,27,1,2.7499208,1.3319345
3731,3732,2202211201,1557,1888,860,85262,43,0,0,239875,5600,0,244699,26,2,6.966313,-1.2938949
3756,3757,2212211101,2608,1896,723,88225,12549,0,0,612581,11778,0,0,27,0,1.5970141,2.7311852
3775,3776,2110212001,2433,1906,667,198533,0,0,9,459012,0,0,0,23,0,3.4478037,6.943511
3791,3792,2212211101,2591,1913,696,123141,170262,0,0,715499,0,0,0,27,4,-8.443194,2.3391352
3801,3802,2212211101,2545,1920,814,38252,0,0,0,454981,0,5389,147263,27,2,6.145887,-0.8322024
3804,3805,2202211201,1984,1922,545,0,5717,0,209232,715979,3,3,270500,26,8,2.3296843,3.8145676
3807,3808,2212211101,2455,1923,685,149037,65,0,18,332007,130,0,96635,27,0,3.6359155,5.089244
3817,3818,2212211101,2482,1931,953,192938,329,0,6110,293239,3093,0,84374,27,0,3.5813658,5.107499
3824,3825,2110111111,2798,1927,723,98023,0,0,0,353657,4402,0,8760,22,0,3.0299342,3.3396287
3831,3832,2222211021,1204,1934,639,0,155,941451,0,212794,103,0,9819,29,5,4.5040965,-2.3830342
3837,3838,2222211021,1233,1937,687,12652,3140,242387,0,324980,20,0,278720,29,2,7.2727466,-2.4522536
3851,3852,2110111111,2637,1941,914,100440,0,0,0,854945,128779,4986,50073,22,0,2.619696,5.535769
3859,3860,2212211101,2536,1944,689,75802,0,0,4,223565,342,0,14367,27,3,3.6041875,2.240758
3868,3869,2110111111,2887,1943,431,11782,1869,0,0,186806,346,0,0,22,1,2.6034691,0.4563686
3882,3883,1111201000,2067,1955,804,119768,94,33911,28133,322419,653,0,56749,14,8,2.5824568,3.7321634
3885,3886,2222211021,1195,1955,508,77,0,892787,0,192435,6616,1376,85305,29,5,5.2284203,-2.4940212
3890,3891,2222211021,1163,1961,729,36344,0,117149,0,278238,783,0,746729,29,2,8.565211,-3.5831587
3897,3898,1111201000,2199,1965,698,80571,6387,0,0,317209,0,0,0,14,0,2.6128037,2.8421614
3898,3899,2212211101,2552,1964,641,78611,30,0,0,201502,20,0,30199,27,3,3.8235776,2.4486444
3901,3902,1111201000,2090,1968,655,130912,754,39114,0,224768,37,0,24591,14,0,3.6433368,5.198902
3910,3911,2110111111,2911,1961,316,72258,0,0,0,150868,0,0,0,22,0,3.5237806,5.981427
3925,3926,2110111111,2927,1973,325,95759,0,0,0,208321,0,0,0,22,0,3.4447231,6.976582
3929,3930,2110111111,2646,1977,983,8510,17026,0,0,462567,483738,380857,555780,22,6,4.798211,-4.8488646
3937,3938,2222211021,1270,1981,457,42485,0,0,0,84843,0,0,224543,29,2,7.768413,-2.6528478
3946,3947,2212211101,2544,1988,723,75199,156,0,10,579888,16126,0,69,27,0,2.066267,2.5797937
3968,3969,2222211021,1194,2002,661,8485,10426,116097,0,169234,0,0,619906,29,2,8.511573,-3.5304594
3972,3973,1111201000,2212,2005,700,30637,488,0,0,807668,3,0,0,14,4,-0.99227613,1.245549
3974,3975,2222211021,1267,2008,808,5224,2446,175414,0,172430,0,6047,426354,29,2,7.783248,-3.1121976
3977,3978,2110111111,2635,2008,825,96553,904,214,0,461713,14604,10608,60285,22,0,2.4631076,2.2579546
3978,3979,2222211021,1127,2007,450,42,4128,899852,0,198996,861,0,16135,29,5,4.646856,-2.7777166
3979,3980,2110111111,2390,2014,1146,387271,1837,0,23,383195,14347,10,108154,22,0,3.2966688,7.5688434
3980,3981,2110111111,2583,2007,664,82125,14,0,0,370452,9,0,0,22,0,2.804506,2.9316795
3986,3987,2212211101,2153,2013,669,8013,0,0,0,237559,0,0,154839,27,2,6.540178,-1.3839542
3993,3994,2222211021,1163,2019,670,39165,0,13828,0,185525,0,0,499074,29,2,8.398991,-3.4305882
3994,3995,2222211021,1221,2017,480,27935,0,25406,0,167270,4035,0,241499,29,2,7.839137,-2.8559554
3997,3998,2110111111,2606,2021,822,126990,0,903,0,436314,0,487968,0,22,1,0.60954374,0.5230133
4013,4014,2222211021,1198,2028,528,0,262,607733,0,171245,230,0,189352,29,2,6.630783,-2.5373974
4015,4016,2222211021,1107,2030,628,4908,0,584758,0,160034,1175,0,18672,29,5,4.449525,-1.7127135
4018,4019,1111201000,2141,2038,1217,199755,275,0,0,542849,1,0,13848,14,0,3.6375856,4.4755597
4019,4020,2222211021,1287,2037,900,35941,144,0,0,105563,3483,12405,304466,29,2,7.016374,-1.7528939
4024,4025,122211221,3223,2042,938,91177,29212,0,0,426523,12,352,0,8,0,1.4478421,2.4397879
4025,4026,2222211021,1346,2045,1187,60409,38,0,0,121074,1228,0,564209,29,2,7.7521286,-2.8144958
4042,4043,2222211021,1110,2049,454,31693,174,72456,0,126055,0,0,143072,29,2,6.9227295,-1.6322355
4044,4045,122211221,3192,2057,1077,81715,36438,0,0,638615,143,0,18524,8,7,-0.5309184,1.9115298
4053,4054,2222211021,1125,2063,547,24173,0,197857,0,180923,10,0,215862,29,2,7.1915264,-2.2062547
4054,4055,2222211021,1295,2062,985,98228,962,38,0,173036,0,2258,170004,29,1,5.1036124,-0.18857262
4064,4065,2222211021,1153,2069,462,47631,0,212273,0,138652,3396,0,149679,29,2,6.8973966,-1.373713
4069,4070,2222011001,3051,2080,899,13972,28398,0,0,1150530,201,0,104794,28,4,-2.9656253,1.4955112
4073,4074,2110111111,2512,2075,429,121848,0,1028,0,148191,199392,0,0,22,6,4.8247533,-4.9019985
4076,4077,2110111111,2627,2077,565,0,236,195678,1,145386,32,39028,20965,22,1,3.018981,-0.055615902
4081,4082,2222211021,1223,2085,643,2844,33,9522,0,86815,824,0,293714,29,2,7.741789,-2.9361806
4083,4084,122211221,3229,2079,656,33955,0,0,0,348196,201,0,0,8,1,2.305216,0.8165685
4089,4090,2222211021,1138,2087,640,18128,0,507409,0,141970,0,0,59792,29,5,4.37435,-1.402286
4093,4094,2222211021,1309,2089,717,21345,3178,98394,0,76831,1160,0,309132,29,2,7.660761,-2.7098486
4099,4100,2222211021,1199,2091,490,37231,16,21474,0,104123,1765,2652,386285,29,2,8.424143,-3.4567583
4100,4101,2222211021,1281,2091,684,31290,0,421670,0,92942,0,0,123983,29,2,5.4145594,-0.48776677
4104,4105,2110111111,2404,2099,1020,60655,3706,1757522,0,432577,0,0,2,22,5,4.3224216,-2.1986063
4109,4110,122211221,3273,2094,978,99905,4,0,0,702836,0,30,542,8,0,1.7277461,2.39321
4116,4117,2110111111,2591,2103,390,86999,9,75914,0,143327,0,0,2924,22,0,3.714238,5.6789827
4120,4121,2222011001,3004,2107,315,1648,1,0,0,274989,0,0,1875,28,4,-0.12959825,0.56595606
4123,4124,2222211021,1214,2115,779,160,18,2517049,0,207714,2710,0,154582,29,5,5.174992,-3.2705975
4133,4134,2222011001,3067,2113,532,25480,3677,0,0,382466,9735,1014,376360,28,2,8.419835,-3.4569588
4139,4140,2222211021,1186,2125,919,21786,0,199415,0,292535,0,0,695359,29,2,8.406147,-3.444038
4140,4141,2222211021,1283,2116,617,0,4985,1298470,0,147673,0,0,29563,29,5,4.5773544,-2.8113775
4147,4148,2222211021,1095,2123,615,264791,3767,74782,0,373094,2748,0,119908,29,0,3.1680095,7.7537975
4155,4156,2222011001,3078,2135,835,46907,101876,0,0,1630039,0,7,21738,28,4,-7.3824997,2.1771247
4160,4161,2110111111,2483,2139,879,238218,309,0,0,316869,5988,0,8927,22,0,3.6834495,6.6485677
4163,4164,2222211021,1251,2137,778,0,126,1041171,86,217606,2802,0,119811,29,5,5.2268643,-2.3799553
4165,4166,2222211021,1316,2139,667,0,29,901822,0,88870,536,21,5320,29,5,4.478517,-2.2078404
4174,4175,2222211021,1213,2144,652,0,4389,1332599,0,211598,0,0,10264,29,5,4.569179,-2.771696
4194,4195,2222011001,3060,2161,593,20255,27568,0,0,902079,0,228,2,28,4,-4.2916327,2.0823996
4199,4200,2222211021,1301,2164,765,0,6,1610659,0,137852,13,0,2031,29,5,4.6021357,-2.8376863
4200,4201,2222011001,3084,2157,295,37346,23304,0,0,592318,3,0,2297,28,4,-6.3245316,2.4919097
4204,4205,2222011001,3106,2164,589,20904,37,0,0,919349,25,0,97507,28,4,-2.9432907,1.4948165
4206,4207,2222011001,2918,2164,578,38931,3204,0,0,479490,0,0,127425,28,2,6.306853,-0.9417198
4207,4208,2222011001,3036,2168,614,25586,36969,0,0,967041,0,0,0,28,4,-4.9312267,2.1056328
4208,4209,2222211021,1269,2169,773,1101,10,1691631,0,196413,0,79,7585,29,5,4.6814504,-2.9454281
4215,4216,2222211021,1223,2175,679,43,1177,564915,13,78609,5981,0,10964,29,5,4.5000124,-1.748338
4226,4227,2222011001,3084,2181,749,36842,65687,0,0,1143451,0,0,1585,28,4,-5.9367137,2.0690331
4229,4230,1111112111,3450,2186,771,595,2810,75,66,298376,130,130,526010,13,2,8.299887,-3.349739
4243,4244,2222211021,1242,2197,650,6503,0,12225,0,49116,0,0,162396,29,2,6.8262024,-1.7231344
4244,4245,2222211021,1293,2196,949,31055,0,1602441,0,188625,7328,0,374099,29,2,6.4106073,-2.6111748
4249,4250,2222011001,3157,2197,1056,70945,61753,0,0,1509365,0,0,12290,28,4,-4.2172084,2.213647
4253,4254,2222011001,3130,2197,467,25514,3700,0,0,540919,10782,0,215903,28,2,7.6419444,-2.571946
4255,4256,2222011001,3036,2192,316,39156,2161,0,0,132825,0,0,0,28,0,2.941877,3.0113728
4256,4257,2222211021,1267,2197,516,11801,4016,29635,0,125166,5948,0,114386,29,2,6.617195,-1.207444
4260,4261,2222011001,3014,2201,689,82597,3533,0,0,692861,0,0,0,28,0,1.2249273,2.6411
4261,4262,2222011001,3068,2202,608,44943,30351,0,0,701887,95,0,0,28,4,-3.3141716,2.1767612
4266,4267,2222011001,2888,2205,666,107814,53249,0,0,749210,0,0,7763,28,4,-3.0606327,2.6882806
4281,4282,2222011001,3102,2213,567,37313,62,0,0,1027154,7,21,3901,28,4,-3.310985,1.8995284
4286,4287,2222011001,2959,2217,579,2322,32,0,0,261647,8,0,5,28,1,2.76322,0.20702404
4291,4292,2222011001,3135,2226,842,28468,5750,0,0,679614,0,0,0,28,4,-0.16103092,0.9511372
4296,4297,1121011201,2628,2225,546,172501,0,0,365374,143934,7,0,219,16,8,2.3647785,3.8835435
4297,4298,2222011001,3084,2230,643,22424,15763,0,0,674581,47,0,144,28,4,-2.0669172,1.4547867
4298,4299,2222011001,3160,2232,681,92332,58538,0,0,1124112,2561,0,0,28,4,-6.2330155,2.5440013
4313,4314,1121011201,2654,2235,483,58143,370,0,15208,55301,9776,0,25,16,8,2.6848576,3.7404594
4325,4326,2222011001,3039,2251,681,9393,19483,0,0,829838,0,0,13719,28,4,-2.8709247,1.4802501
4327,4328,2222011001,3099,2253,708,43968,75547,0,0,1226087,24,0,3914,28,4,-6.894682,2.1589608
4339,4340,1121011201,2525,2258,526,35064,0,0,0,225553,0,4944,66518,16,1,5.0139003,-0.1303616
4342,4343,2222011001,3128,2266,796,18869,39804,0,0,1372924,50,110,0,28,4,-4.959199,2.0980136
4345,4346,22211201,2596,2262,363,3439,0,0,2828,29512,0,0,22,2,1,3.8197472,-0.0024046085
4346,4347,2222211021,1248,2265,747,12170,0,4690,0,120028,0,0,76575,29,1,5.3165503,-0.34377182
4349,4350,1121011201,2286,2278,1268,343714,4790,0,0,477173,9,0,52251,16,0,3.5949671,6.517284
4351,4352,2222011001,3074,2271,592,26322,41701,6947,15786,525662,17552,10903,37565,28,4,-3.2955577,1.8871789
4357,4358,2222011001,3104,2276,374,24712,24327,0,0,489022,0,410,0,28,4,-4.134388,2.2422335
4358,4359,1121011201,2531,2281,645,57097,1738,0,57,1269608,1,22,0,16,4,-3.625211,2.1995482
4369,4370,2222211021,1315,2316,690,319,4204,795202,0,136587,0,0,343130,29,2,7.1417522,-2.8797429
4377,4378,1121011201,2197,2331,764,99492,11689,0,0,188997,751,0,7831,16,0,3.1407526,3.1975558
4379,4380,2222211021,1395,2335,865,121504,3065,1128787,0,224184,0,0,10079,29,1,3.7899811,-0.55404365
4380,4381,2222211021,1358,2345,1046,1302,535,1131321,0,184069,26,0,83574,29,5,4.660155,-1.928671
4384,4385,2222211021,1314,2344,724,3190,0,185255,4,68053,9,13262,327640,29,2,7.531085,-2.8813581
4390,4391,2222211021,1332,2359,714,0,18,1668847,0,135076,22,0,35516,29,5,4.710465,-2.9208915
4438,4439,1121011201,2046,2410,762,103223,0,0,0,97646,0,0,33212,16,3,3.8916767,2.565308
4459,4460,122211221,3445,2441,943,9864,166,0,29,126882,54934,0,256203,8,2,6.8873143,-1.220375
4489,4490,1102011001,3495,2510,656,73540,574,0,0,163739,0,0,0,12,3,3.7497842,2.3638988
4490,4491,1121011201,2313,2509,565,110414,0,0,0,205852,2660,0,41229,16,0,3.504402,5.0860224
4491,4492,1121011201,2205,2513,702,31713,16,0,0,96980,0,0,13236,16,1,3.9794836,0.18989095
4497,4498,1102011001,3566,2527,712,29546,60,0,0,213880,0,0,183914,12,2,6.848829,-1.5849355
4498,4499,2100212021,1533,2525,860,9395,3171,3430588,0,616238,236,0,95825,20,6,5.827448,-4.9538116
4502,4503,1121011201,2324,2534,595,104473,0,0,0,220398,2476,272,59,16,0,3.727337,4.9347067
4503,4504,1102011001,3522,2536,638,118059,0,0,0,264885,0,0,8237,12,0,3.6448607,4.884658
4504,4505,1102011001,3542,2533,513,19829,0,0,0,156159,1081,0,90121,12,2,5.9605894,-0.72406226
4506,4507,2102212221,1583,2538,767,43606,53,0,0,250526,576,0,489068,21,2,8.2987995,-3.3548172
4508,4509,2100212021,1411,2542,1025,0,11666,2738048,0,450150,26515,6929,0,20,6,5.3074665,-4.5436735
4517,4518,1102011001,3488,2553,573,59234,0,0,0,87155,121,0,0,12,3,3.8576136,2.4187152
4518,4519,1121011201,2136,2559,922,114424,0,0,2,209720,0,0,3,16,3,3.8045776,2.508321
4523,4524,1102011001,3547,2559,530,94467,0,0,0,199062,5754,0,18575,12,0,3.3295388,5.046979
4525,4526,1121011201,2319,2559,579,110757,13,0,0,206296,9586,0,6900,16,0,3.1026092,5.279515
4528,4529,1102011001,3524,2566,348,61287,0,0,0,128403,7940,0,16323,12,0,3.063791,5.223768
4530,4531,2100212021,1549,2568,347,2726,0,504311,0,161871,0,0,76567,20,5,5.284582,-2.4359207
4533,4534,2100212021,1448,2586,1546,145,43638,6698214,5,700795,340742,13,386,20,6,5.0612826,-4.8997965
4539,4540,2102212221,1537,2584,610,1154,0,7335,0,187265,1658,0,281221,21,2,7.663793,-2.938331
4556,4557,1121011201,2211,2611,909,49949,185,0,0,172875,225,0,71805,16,1,4.735078,-0.062349904
4558,4559,1121011201,2335,2614,622,48297,5,0,30,97938,655,30,0,16,1,3.47163,1.4707382
4562,4563,1121011201,2307,2624,678,95202,6,0,0,191614,2423,0,60,16,0,3.7033365,3.4285975
4565,4566,2100212021,1452,2636,1113,557,84884,6048534,559,672368,30927,132,108499,20,6,5.6443567,-5.195783
4568,4569,2100212021,1501,2630,460,0,255,1542018,0,446714,14796,169,0,20,6,5.3471465,-4.8377676
4582,4583,2100212021,1518,2661,624,0,337,1803476,0,521555,27135,30,0,20,6,5.2241125,-4.6159606
4585,4586,20212221,2184,2666,667,35266,2,531,0,298679,4783,0,0,1,1,2.5928855,1.3102008
4593,4594,2100212021,1473,2681,574,0,9824,3185351,0,400496,11863,775,83,20,6,5.6581964,-5.1889286
4595,4596,2100212021,1508,2678,230,0,5764,1009386,0,197880,39216,0,0,20,6,5.1211486,-4.898791
4596,4597,2100212021,1440,2693,1544,3043,12449,12375283,0,1152406,15180,1945,261,20,6,5.7115664,-5.242986
4597,4598,20212221,2198,2685,491,27888,0,226772,0,427110,2545,0,0,1,4,0.76557136,0.8747424
4600,4601,2100212021,1502,2691,386,0,32,1541944,0,232958,50915,0,1,20,6,5.1985145,-4.8746724
4605,4606,1111211111,2099,2702,639,35121,8,1002058,0,474666,7816,0,68,15,5,4.3078504,-2.1903827
4606,4607,2100212021,1483,2700,319,44,14,1677319,0,271451,10145,232,0,20,6,5.655742,-5.1628737
4612,4613,2100212021,1465,2723,889,0,1338,2589198,0,477590,719,0,0,20,6,5.377254,-4.263838
4613,4614,2100212021,1500,2715,313,0,90,684735,0,205366,18194,0,0,20,6,5.187171,-4.6095195
4618,4619,20212221,2353,2732,936,217897,2746,0,9,483281,9182,0,64,1,0,3.4118426,5.909979
4632,4633,20212221,2371,2759,670,22923,3855,0,6,183529,7053,45,235,1,1,2.7793772,1.182749
4634,4635,1111211111,2157,2761,578,68278,261,1969263,0,1434582,4728,155,231269,15,5,5.386182,-2.7217412
4664,4665,100212021,3496,2807,417,42171,0,0,0,204923,480,0,54882,4,1,4.9445653,-0.090199515
4669,4670,2102212221,2003,2816,815,16008,2829,610303,864,188552,983,1375,2120,21,5,4.347314,-1.5743088
4674,4675,100212021,3518,2824,625,50111,0,0,0,110732,3427,0,0,4,1,3.4287944,1.6607068
4695,4696,100212021,3512,2852,646,32388,0,0,0,157734,275,0,50,4,1,3.642111,0.4246197
4709,4710,100212021,3489,2859,604,51437,0,0,0,333887,4886,0,16746,4,1,2.434551,1.8504997
4723,4724,2102212221,1936,2872,700,71,0,1541174,0,458129,94,0,316393,21,2,6.1863127,-2.6553068
4724,4725,2102212221,1791,2870,664,139599,172,291048,0,306895,3979,7885,401501,21,2,7.7382283,-2.550197
4731,4732,2102212221,1829,2868,351,5523,5387,78708,0,157163,1523,9545,371788,21,2,8.564032,-3.5754051
4741,4742,2102212221,1876,2882,424,1933,548,1316905,0,342229,413,111,141653,21,5,5.374469,-2.7534196
4744,4745,2102212221,1955,2883,295,3,43,599777,0,162776,2281,0,111655,21,2,5.970222,-2.620725
4753,4754,100212021,3374,2897,826,57703,440,0,0,377805,0,0,37162,4,1,2.5149732,0.9905273
4754,4755,2102212221,1923,2897,535,74,3931,783383,0,231569,0,0,92891,21,5,5.2658315,-2.452188
4756,4757,2102212221,1762,2895,723,4097,10980,2446787,0,378445,2852,2507,10695,21,6,5.5799294,-4.5490723
4757,4758,2102212221,1797,2893,607,4819,253,2615028,12,455628,128,0,33805,21,6,5.706296,-5.1518354
4770,4771,2102212221,1850,2909,645,11198,14123,1756293,0,266513,180,136,162273,21,5,5.3765917,-2.685607
4776,4777,2102212221,1809,2914,383,599,0,536792,0,223632,0,4,37218,21,5,4.971522,-2.3424432
4777,4778,2102212221,1908,2921,759,4302,3479,1482497,30,355938,126,0,155852,21,5,5.286547,-2.5047333
4799,4800,100212021,3454,2934,490,55027,54,0,0,420561,50,0,63,4,0,1.4965289,2.437582
4800,4801,2102212221,1818,2935,426,1119,0,75460,0,128509,748,13660,210511,21,2,7.6920285,-3.0140357
4819,4820,2102212221,1899,2959,542,40850,691,1057506,0,205555,4713,417,342423,21,2,7.2161427,-2.9166367
4826,4827,2102212221,1859,2966,719,8927,0,478790,0,313490,86,44793,262669,21,2,7.0055943,-2.317165
4833,4834,100212021,3436,2973,624,62044,4755,0,0,275473,3492,0,0,4,0,2.4948275,2.5120447
4851,4852,2102212221,1980,2987,364,6658,188,342457,0,62392,62,0,5624,21,5,4.38487,-1.5990875
4854,4855,100212000,1962,2992,597,214047,0,41133,0,335796,128,0,48858,3,0,3.2772775,7.620997
4883,4884,100212000,1937,3022,479,172498,12,3645,0,283516,28474,0,125,3,0,2.9690373,7.426362
4891,4892,100212000,1918,3039,594,110141,0,53209,0,297548,37729,0,37894,3,0,2.7564006,5.562386
4896,4897,100212000,1941,3049,531,117828,17,0,0,271153,2085,0,112,3,0,3.4988196,5.917507
4903,4904,100212000,1930,3069,645,25066,5,4,0,257568,37766,0,616,3,1,2.6569514,2.0611045
5261,5262,1111211111,2753,4165,552,99451,0,0,0,101685,19,0,10033,15,0,3.869926,5.307419
