cell_id	Barcode	ChAT	fru	Gad1	SerT	sNPF	tbh	Ple	VGlut	x	y	umap_1	umap_2	clust_label
1	1111111000	185925	4395	4824	3778	510579	10759	4800	504457	489.41	2.8763	-2.671872	1.5029294	0
39	2111011221	22610	3	301354	28	91466	246	27	59	26.528000000000002	291.47	-2.7511468	5.3386774	1
41	2010011221	32181	802	170048	4	287953	11384	0	149023	39.047	145.04	-3.1062531	3.2952998	2
43	2010011221	64339	103	52446	32	142172	828	14159	21459	38.691	1102.3	-1.7055045	4.743432	1
52	1111111001	25028	0	0	0	63079	0	0	54261	48.534	249.81	-3.2024972	4.8946414	1
76	2111011221	67468	1094	729	3	120936	3520	12465	73624	73.59899999999999	1127.7	-1.7342689	4.519949	1
81	1111111101	880	578	14632	46	153874	76	0	30	79.95100000000001	213.9	-2.9107885	5.3227053	1
85	112011211	66147	1696	24213	670	251580	5777	939	73456	90.027	1122.3	-1.6398985	4.1423144	3
86	1110111011	92112	198	111019	37	243943	8589	104	33283	93.166	1161.9	0.7623766	3.831923	4
89	2112011122	80384	361	6951	99	278841	537	0	88506	103.82	1098.6	-1.5065342	4.3665648	3
99	112011211	53752	57	6026	17	136651	7291	8	2752	145.51	1136.8	-1.6913223	4.5945306	1
102	1110111011	86956	22543	51510	122	283445	2477	0	4534	157.27	1161.7	1.9625747	5.5916357	5
105	1110111011	66	0	7381	34	40520	153	0	556	167.8	1193.6	-3.0370843	5.072468	1
112	2110111221	113074	1242	27370	49	361518	14649	12978	66925	206.88	1120.7	2.0355992	3.2560835	4
116	212001000	172210	22	3221	324	600922	6170	20	2321	215.25	1163.6	3.567322	3.0368233	4
117	102001010	5458	0	0	13	148287	344	0	31	214.17	1189.0	-2.9062417	5.241698	1
122	211101	61241	53	27930	92	168881	30	0	466	242.05	1092.5	-1.673614	4.7537103	1
125	21001000	98898	93	245	300	550846	1072	0	292	254.87	1181.7	2.0194027	5.396442	5
128	212001000	94776	193	197	215	487270	1604	0	1861	258.78	1150.1	1.913932	5.24224	5
129	1110111011	60618	4533	115272	77	221932	353	22	15874	263.34	1087.2	-1.7069334	5.262256	1
130	2010112221	98740	34981	2292	149	301258	370	53	516785	271.83	1108.3	-2.9274888	0.63002497	6
134	121001000	231296	153	194	491	713270	2695	114	931	285.01	1165.5	5.031204	1.7707304	4
135	2200211200	101616	244	831	270	339706	670	56	490	283.84	1187.1	1.399817	4.4175167	4
146	2010012221	29097	89	1995	110	286774	446	120	116781	308.82	1088.0	-3.9382699	3.594158	2
148	2010112221	70978	157	1400	248	429775	665	0	221305	317.01	1110.3	-2.980867	2.598285	2
149	212001000	155883	168	1446	273	463147	783	234	6098	318.55	1133.2	3.3716486	3.830145	4
153	2200211200	12565	1	0	19	241207	3659	0	255	325.6	1291.8	-2.395633	5.6822715	1
166	2200211200	253143	4512	1362	401	487443	6838	49	1185	341.49	1197.2	5.639859	1.9690895	4
167	2000211200	64287	2823	93	141	211884	577	57	561	335.48	1229.3	-0.7196109	4.747923	7
168	2012012201	116908	547	502	222	495080	5438	0	332368	348.36	1121.6	-2.7718232	2.2147903	2
170	2010012221	37064	1253	17860	833	370170	14243	0	300207	350.19	1055.7	-3.4527657	1.2838454	0
171	2010012221	73344	9970	2406	412	325832	506	14	475648	345.25	1072.7	-3.531509	0.7034906	0
175	2200212200	146019	53	184	290	391497	1137	0	921	352.02	1217.4	3.336244	4.051214	4
176	2010111001	49523	128	1916	167	307555	951	95	261068	350.36	1102.5	-3.554258	2.6792545	2
177	1121111000	212223	59	210	279	1054941	10407	0	167040	359.25	1150.1	3.2980192	1.6676744	4
186	2010012221	120077	33831	1441	240	364783	892	0	538291	364.08	1081.1	-2.802293	0.8039599	6
187	2200211200	139070	11	37	179	676563	2616	45	554	360.19	1255.3	3.39664	2.967532	4
192	2220212220	116508	20	288	211	419267	536	118	874	372.49	1238.0	2.0138364	4.49323	4
194	2200211200	97829	203	1055	2222	782349	2167	7	3116	377.16	1271.4	2.2476406	6.053534	-1
196	2220211220	179345	58	410	105	437461	660	0	2213	378.11	1214.7	4.25933	3.463438	4
200	100211101	111986	2990	134249	1617	393145	63332	764	2184	388.17	1034.3	3.7169082	1.5233351	-1
201	2010112221	51397	884	1778	40	460311	681	70	284540	389.04	1087.3	-3.1650808	2.2380614	2
202	101111101	230	66	386998	250	40914	465	0	74	389.0	349.73	-7.7826424	-1.4752302	8
204	1111001000	41684	92	133	142	425866	1066	0	430761	392.55	1132.7	-3.6813824	0.75858617	0
205	121001000	242158	587	1112	312	710110	3668	446	95281	398.87	1156.3	4.9677014	1.7630948	4
207	2120212220	129566	605	94	270	506325	1305	0	440	397.72	1245.2	2.8534205	3.963304	4
208	2120212020	78289	0	179	38	233473	228	0	833	395.51	1287.2	-0.53689593	4.645975	7
209	2120212020	108363	1004	74	347	497948	1069	4738	1426	397.17	1207.3	2.195285	4.956621	5
213	2010011221	81124	1942	1180	192	257256	13937	0	445	408.23	1016.9	1.6784929	3.4025483	4
215	2120212020	187525	1712	17	132	406321	870	0	822	410.07	1271.2	4.6955876	3.362344	-1
216	122011221	78462	131172	796	394	1926609	622	2435	1708	411.3	1376.1	6.8206773	-2.8823185	9
219	2200211200	168052	473	98	185	2338546	1506	4296	2876	416.66	1321.2	5.665295	-2.1956432	9
220	2120212010	60554	206	25	69	400405	451	21	542	412.39	1303.0	-0.12778288	5.383968	7
221	1111001000	180620	90	139131	294	456140	1327	0	1189	415.53	1055.8	4.004823	3.577968	4
224	1110111000	125558	61	59850	379	363208	29298	14	289	417.68	1034.6	2.784038	2.3789015	4
225	2120212020	110623	161	313	285	410039	8673	213	6510	415.78	1346.7	2.0790656	3.5188649	4
228	2120212020	230977	0	268	49	361828	2892	29182	1802	415.79	1219.8	5.686773	2.95528	4
231	2120212120	229355	82	333	413	475025	1837	49	382	422.91	1255.0	5.490053	2.7131445	4
233	2210211200	160429	1010	797	536	568463	9164	57933	3997	425.47	1193.9	3.3262205	3.0926294	4
234	111111100	407554	249	3660	894	775556	3494	442	12975	429.77	1161.2	5.4128723	0.84215415	4
239	2120212020	140466	10564	20	755	673717	5480	0	24269	440.59	1366.3	3.544499	2.530728	4
241	122011221	32342	9059	17	101	249750	112	0	800	437.32	1415.2	-1.2193954	6.629377	10
246	2120212220	149077	146	231	924	737823	19883	372610	11803	449.52	1211.8	0.007830457	6.465231	11
248	1111111010	96508	2320	1181	151	261887	25694	16	372	446.74	1027.5	2.2323945	2.8715382	4
249	1121011101	89753	6774	3480	1108	619958	7313	62	628909	450.02	1134.8	-3.0287144	0.29295334	0
250	2200211200	235754	133	592	331	331636	1336	288	2333	448.85	1181.4	5.6912937	3.0337112	4
251	2120212020	54791	5400	502	156	423060	6131	0	1082	447.08	1259.2	0.6300772	5.895197	16
252	2200211200	106948	246	555	225	4024643	191	13930	5489	451.09	1325.1	6.9206376	-2.9617436	9
253	2010012221	35108	8	13263	171	489151	3507	108	319409	457.17	1096.1	-3.597484	1.2901508	0
255	122011221	150326	3225	30	101	540119	1327	0	1008	454.94	1395.0	3.3193252	3.3412235	4
259	2120212020	95477	56	236	212	398044	3031	27	5724	462.96	1359.9	1.5009567	4.692636	4
260	122011221	40065	6124	338	1557	574598	1728	0	768	463.25	1423.9	1.1369505	6.818455	12
261	1110111011	172452	3281	11253	590	291919	8768	683	542	465.33	1015.7	4.201566	3.6833398	4
266	1111111111	109778	263	20412	103	412763	668	0	693	469.85	1037.0	1.8580085	4.5838757	4
268	2120212220	66506	6931	482	300	551823	1108	71	101968	472.2	1307.2	1.0542327	7.3927183	12
270	2200211200	133656	17796	5951	16783	592357	27741	24152	5930	479.8	1194.7	3.1620834	1.9259268	4
272	1111111000	53248	93	8038	1652	879316	16513	30	1316581	481.24	1120.3	-2.7907226	-1.4650776	0
273	122011221	100390	1184	157	618	369144	10534	24	793	479.23	1378.7	1.9890854	3.4358175	4
276	122011221	30869	6821	317	146	391080	313	0	202	477.82	1471.2	-0.7271653	7.086578	10
277	1111111111	53916	12	13159	272	381857	12264	47	352858	487.84	1145.6	-3.5242891	1.200545	0
279	2122012221	42724	3119	0	240	672980	35215	0	651	490.19	1394.8	2.8662224	2.1109688	4
280	122011221	52441	15967	24	75	369313	426	17	305	483.9	1446.8	0.93009776	6.375601	12
283	1111101000	196880	393	145674	1465	510067	15194	99	586	492.36	1025.5	3.069905	2.3653047	4
286	122111221	84690	8048	29	141	257383	2862	9	815	491.34	1411.4	1.0014055	4.7647414	4
287	122011221	127230	34047	42	309	1147054	2936	1724	1698	496.17	1431.5	4.584562	-1.0018091	-1
288	122011221	70448	86723	0	9	845164	264	386	238	493.39	1498.1	5.072217	-2.0053542	9
293	122011221	65711	8944	111	426	1212024	4151	508	381	502.17	1470.8	3.5731835	-1.1096697	13
297	2120212020	50443	54	0	243	441643	706	0	233586	516.94	1298.2	-3.1451907	2.5068233	2
300	122011221	109425	40076	162	1369	648701	20178	247	14977	516.96	1400.7	3.3142126	1.3044935	-1
301	122011221	30939	59495	1311	212	1120167	392	3563	2803	514.52	1515.5	4.7807426	-1.9553026	9
303	122011221	65629	11454	0	209	836950	388	0	474	519.15	1451.3	2.5778096	-0.37207967	13
304	122011221	26857	18136	81	119	504512	546	309	188	516.34	1493.7	1.2967107	7.324845	12
308	122011221	55078	2869	30	291	733048	17266	0	72513	522.0	1425.9	2.5420852	2.139775	12
316	122011221	19676	1024	0	143	532629	776	74	1419	530.71	1467.6	-0.1964934	7.3835344	10
319	12001000	50656	4892	48009	581	585729	5407	10	942110	548.52	1143.6	-3.0336545	-1.2133507	0
320	122011221	38929	11804	75	50	880704	1299	17	149	542.84	1496.7	2.7030618	-0.53595823	13
322	122011221	7099	5257	4	57	534331	1428	0	180	542.89	1476.4	-0.038030196	7.447037	10
323	122011021	56177	247	293	369	603106	8338	17	366200	546.07	1384.0	-3.4758415	1.2927363	0
324	122011221	40557	432	333	42	684449	601	0	77964	545.09	1436.7	1.0589709	7.463153	12
326	2120212020	91793	114	742	268	302764	14083	27	154704	546.12	1323.4	-2.3510015	2.8625045	2
327	122011201	145427	4399	109	288	750751	2232	0	401516	548.48	1346.0	-2.6395528	1.8032138	2
328	122011221	72486	63592	147	325	1201420	587	1452	5646	552.34	1521.5	5.206044	-2.1148522	9
331	122011221	17215	37294	0	211	688713	206	352	1228	556.11	1552.0	2.912785	-0.88276476	13
332	122011221	49645	65	0	147	874788	352	0	19491	558.71	1452.3	1.9995888	7.531006	12
339	122212201	14077	435	2889577	678	655409	2811	1908	111064	564.69	1086.7	-8.927777	-4.705209	8
342	122011221	17691	29	13	46	602556	246	994	177	564.83	1481.0	0.006379134	7.418541	10
343	122011221	68040	4092	0	228	757285	27634	22	135719	563.51	1406.1	2.6798005	2.0805638	4
346	121001000	149214	258	301588	956	711347	655	1802	404412	572.08	1116.3	-2.6840746	2.0571682	2
347	122011221	38008	11374	0	47	702495	1184	0	465	568.11	1503.3	1.8470908	7.420064	12
348	2120211020	61171	5228	132	213	533883	1433	167	245497	575.01	1331.6	-2.8277705	2.2492192	2
353	122011221	10610	13	4	149	377951	230	0	2190	574.62	1461.7	-1.4101148	7.012634	10
354	122011221	53155	331	51	247	690760	1314	100	21235	577.08	1429.0	1.2843217	6.9071565	12
356	122011221	51408	9199	0	305	376191	1329	0	953	577.38	1537.6	0.67184764	6.10521	16
361	122212201	10607	14788	1952155	385	324928	771	1691	671	581.66	1059.8	-8.95994	-3.979787	8
366	122011221	99310	17297	147	88	909292	982	37	10739	586.71	1394.4	2.7913334	-0.5393289	13
367	122011221	14660	134	12	159	615246	465	13942	2218	589.1	1471.7	0.07044837	7.408064	10
368	122011221	42775	713	0	7	683568	506	49	331	588.24	1512.3	1.2386556	7.029513	12
370	122011221	16208	275	0	46	365545	419	5223	45	589.83	1489.5	-1.3776503	6.9655657	10
379	122212201	6369	1827	1937442	401	339838	614	991	94	599.58	1039.2	-9.006417	-3.9462023	8
380	122011221	30988	1250	0	303	840479	1152	79	58867	604.1	1441.1	1.8353946	7.6614356	12
382	122011221	29079	3742	74	64	795887	1957	0	55314	603.08	1375.6	1.8562974	7.651279	12
386	122011221	75946	6578	64	104	737002	447	0	10059	600.17	1415.8	2.066077	6.5616875	-1
387	122011221	58296	20615	0	1	424769	249	0	1299	598.82	1537.3	1.4063996	6.7663727	12
388	122011021	80624	356	285	436	751773	1329	29	56455	605.36	1349.6	1.6200258	6.8137107	12
390	122011221	27031	242	0	188	568946	480	12301	34707	610.71	1464.2	-0.035664055	7.4433913	10
391	122011221	6357	244	0	76	380035	676	1502	86	607.22	1498.6	-1.3905119	7.0404143	10
395	1000	126688	37	17550	694	389781	1035	86	131	617.02	982.91	2.3121305	4.233615	4
399	122011221	7186	81	8	205	297832	190	59837	513	614.28	1482.2	-1.8491284	6.392121	10
400	122011221	5132	949	0	1817	410644	295	0	112	611.64	1514.8	-1.225048	7.2444153	10
401	122011221	56905	11849	0	0	490430	257	35	10341	616.88	1549.6	1.140058	6.580784	12
402	122011221	63737	149	0	745	904864	705	0	27440	620.78	1394.5	2.1584523	7.420278	12
403	122011221	23951	8146	45	1107	608491	2098	268	189763	620.15	1575.9	-2.6619031	2.0335453	2
404	1111111002	33772	132	2432	218	435609	5152	19	424362	624.82	1154.3	-3.6648767	0.7304502	0
407	122212201	7112	4913	2293234	144	437791	2092	840	3220	620.5	1077.1	-8.920437	-4.2933116	8
409	122011221	19197	1382	0	3077	394929	17	0	838	618.89	1530.5	-1.2247652	7.062159	10
410	1111111101	100472	28	0	42	105497	4397	0	4447	620.93	20.826	0.4648647	3.9155061	4
412	122011221	28820	2547	82	190	695644	968	0	50610	626.69	1362.7	1.1688693	7.4765096	12
414	122011221	13164	138	59	251	563768	719	149	27168	623.65	1419.9	-0.10221898	7.500082	10
422	1110001000	167178	74	14154	341	409552	9248	69	97	630.41	959.89	3.9665291	3.4687378	4
423	122011221	21780	3333	0	79	637291	236	2422	459	626.43	1496.9	0.93457085	7.2025614	12
426	122011221	68696	16864	152	448	1451534	669	65	38981	642.82	1451.3	4.515692	-1.735283	9
430	112212201	2720	945	1198044	45	297642	379	198	160	634.49	1054.8	-8.291899	-2.7288585	8
431	122011221	7236	2709	0	0	310765	45	14158	1178	633.56	1474.2	-1.5993106	6.871276	10
432	122011221	55235	860	0	261	569767	875	0	288	635.78	1517.8	0.96440995	6.4053717	12
434	2010011221	204917	4	78	78	141317	121	0	357	641.93	87.711	4.999404	3.7573004	4
435	1111111000	28310	229	56	89	165373	9632	0	44255	639.39	1213.1	-1.7905737	4.230495	3
438	1111101000	110657	760	0	42	139860	11014	0	62	644.73	24.144000000000002	1.0991076	3.4439354	4
439	122011221	58461	1057	11	1	725749	288	0	5929	643.33	1379.7	1.6238221	6.8411922	12
442	122011221	53017	5482	36	87	1090817	986	526	11725	646.71	1411.4	2.7990894	-0.55757046	13
444	122212201	8015	4395	2984748	275	576945	2711	3613	4694	650.82	1074.3	-8.90986	-4.7115164	8
446	122011221	74956	45223	106	402	546341	360	3	26343	650.96	1544.1	2.8040056	-0.7154945	13
447	122212201	4489	4656	2161777	419	372827	611	755	485	652.45	1035.7	-8.981428	-4.244978	8
449	122011221	33255	601	0	144	788620	526	21	316	649.45	1492.6	1.6646405	7.436932	12
451	122212201	11256	1042	2551731	2162	527670	8154	2033	606	657.43	1002.9	-8.889137	-4.5800223	8
453	122011221	17700	559	112	51	470955	192	0	32959	654.75	1355.7	-0.7024061	7.322147	10
456	122011221	8351	4562	2411	85	191820	162	541	181626	652.0	1151.1	-4.1969786	2.9066296	2
460	122011221	32478	4730	0	3	256268	261	0	173	654.91	1513.4	-1.3767742	6.566348	10
463	122011221	9511	9869	0	184	511741	438	491	68464	660.53	1618.1	0.1659539	7.4984217	10
464	122011221	110725	19101	0	198	584227	1832	0	20254	669.38	1557.6	2.301664	6.002744	-1
467	122011221	37704	1951	363	60	795711	725	0	4133	665.08	1387.7	1.8023465	7.4470644	12
469	122011221	63509	32972	380	148	672399	1178	351	1169	669.08	1529.2	2.840132	-0.69261307	13
476	1132021111	76390	1631	2281	69	269294	770	2834	899	675.05	901.95	-0.47234413	4.832563	7
478	122011221	70953	5472	57	932	737996	466	448391	68923	677.36	1337.9	-0.054493893	6.587151	11
479	122011221	59859	1598	96	52	426474	229	2343	448	673.35	1503.0	0.24998243	5.7053723	7
480	1112211121	125761	5184	2580	625	375255	542	73546	26153	673.27	869.28	2.0710785	4.6149845	4
481	122212201	3894	1409	821648	70	227979	145	151	15616	671.08	1088.9	-8.251839	-2.3190346	8
487	122011221	60616	15977	355	465	689891	273	6276	53432	679.06	1364.3	2.0428123	7.528677	12
488	122011221	41686	432	0	26	743832	401	0	33790	678.57	1423.9	1.3361704	7.4070477	12
489	122212201	8268	235	2053099	103	323007	521	288	110	675.99	978.19	-8.970458	-4.065384	8
490	122011221	11965	802	0	0	227575	16	0	26	671.91	1405.8	-2.6188588	5.7180095	1
493	122212201	7679	8389	3778045	390	886363	967	678	568	681.76	1030.2	-8.933642	-4.739119	8
495	122011221	74950	72322	188	624	1184768	960	38096	78538	684.91	1299.8	5.3667316	-2.224808	9
496	122011221	48343	102	0	136	911835	676	0	36639	680.73	1454.5	2.0222244	7.5638704	12
498	122212201	5028	179	1977592	255	414634	3896	1658	10678	682.93	1079.4	-9.005749	-4.0568314	8
500	122212201	5270	264	2742030	319	530116	1490	1175	338	686.46	997.12	-8.91126	-4.687412	8
502	122011221	37180	8620	0	187	474388	564	0	988	688.04	1570.7	0.83191884	6.676018	12
505	122011221	16671	53481	0	8	892351	721	1579	24870	687.01	1618.7	3.8075805	-1.6431394	13
506	122212201	4767	654	1478601	169	314765	8388	200	866	692.39	1058.9	-8.705741	-3.5416963	8
507	122011221	84585	55008	22	172	1040405	2260	45	17591	691.38	1593.6	4.8391547	-1.6412191	9
508	122011221	33330	56172	36	154	696451	98	1037	1214	692.77	1378.5	3.4793506	-1.3786024	13
510	112211211	389345	8425	1034	638	1531664	1163	324054	114477	696.66	851.44	4.924561	0.0016439204	14
511	122011221	5615	393	186	40	427605	213	1178	3433	693.43	1403.8	-1.161218	7.256364	10
512	122011221	46067	4550	124	3411	713609	1413	96	235	695.24	1484.2	1.6076723	7.109299	12
513	122011221	78457	633	0	149575	330004	337	54565	7974	694.42	1514.6	-0.9780322	5.540063	10
514	122212201	27661	238	3433516	704	712135	597	1860	2411	701.94	966.99	-8.929817	-4.713924	8
516	122011221	38092	37888	120	13122	608484	637	224	1438	700.78	1536.3	2.8301845	-0.7613428	13
517	100212101	102896	1076	10504	1143	375859	8180	22082	56473	702.33	914.59	1.9835016	3.3717601	4
518	1101001000	32372	5063	0	0	118322	2864	0	1110	704.12	36.479	-2.2145085	5.1739907	1
519	122212201	45040	14	651828	187	223864	599	197	41699	701.64	1073.7	-8.031667	-1.7647537	8
520	122011221	54048	37585	2	292	734604	298	32	583	705.72	1557.6	3.0246685	-0.9271695	13
521	1112202322	152338	1245	67211	212	688926	7975	117	46522	711.52	1120.0	3.2715049	2.718084	4
526	2120212020	25655	2897	3666	947	787263	1599	3573117	5684	712.88	1338.0	-0.23076251	6.4318767	11
527	122011221	19074	2773	26	87	889598	470	1952	505	712.94	1450.9	1.9482487	7.665112	12
529	122212201	24813	1203	3007533	286	712722	1419	492	2241	714.86	1035.1	-8.932727	-4.698055	8
530	122011221	15236	69281	0	188	1374672	167	101	33822	709.28	1614.5	5.57669	-2.3553646	9
531	100212101	167341	444	1296	1268	652318	6793	3813	29658	713.54	826.0	3.4234936	2.8858266	4
532	122212201	1342	13	1008153	27	189785	281	272	265	706.84	1012.3	-8.249109	-2.4553857	8
534	122011221	9518	2821	0	112	510092	203	7252	66	708.99	1388.9	-0.27321148	7.4314117	10
536	122011221	47720	77121	0	83	813316	1139	71	815	711.29	1581.3	4.8657484	-1.8770299	9
538	2120211020	79090	100	141690	336	235285	1159	165	291253	711.65	1089.1	-3.5962164	2.758164	2
539	2120212020	10270	331	1131	590	581121	750	2698599	21555	722.02	1292.0	-0.17900561	6.4804835	11
540	122011221	80179	7359	0	129281	618148	941	89801	2623	719.25	1491.6	1.288679	6.7650394	12
542	122212201	27210	301	2124001	964	523395	1174	716	836	722.09	1000.3	-8.974477	-4.1964316	8
544	122011221	36787	21209	0	171	509783	467	7679	28785	721.25	1366.8	1.369288	7.4099956	12
545	122011221	31465	2138	0	248506	422750	1764	129649	9570	722.07	1519.4	-1.1207573	5.810662	10
546	122011221	6188	65758	0	17	720977	508	168	9198	723.69	1653.5	3.6782522	-1.5559227	13
547	1000001001	71931	155	194973	535	188491	1094	445	42904	718.54	937.41	-1.9966391	5.245272	1
551	122211121	192447	106	2150	676	998618	8634	87842	84601	718.16	852.24	3.3733969	1.7108932	4
552	1110111010	72820	191	66305	465	306173	1264	148941	96052	724.13	908.15	-0.8726369	6.4395304	10
555	122011221	25052	194	137	92	724645	646	53431	62	727.56	1393.4	0.94381386	7.2185297	12
557	122212201	76147	176	1653975	259	444757	701	281	5758	732.36	957.7	-8.661642	-3.5025218	8
558	122212201	108604	289	1639109	465	574193	1043	171	2210	732.22	979.83	-8.637119	-3.4788606	8
560	122011221	48426	83767	0	497	729620	244	19	298	729.58	1546.7	4.9310684	-1.8149664	9
562	2120001000	61637	92	1982757	1079	514150	1458	155259	24766	739.43	883.61	-8.897106	-3.9207528	8
563	122011221	134517	68673	15	104	1219883	721	0	1572	737.84	1569.7	5.322536	-1.992294	9
564	122011221	89366	68591	16	83	1587870	1715	72	18920	734.91	1611.1	5.9040747	-2.4810505	9
566	100001000	29993	779	260351	261	429599	1467	31	774473	734.94	1086.8	-3.2610638	-0.9508195	0
573	2121212221	62894	19	39476	451	266338	399	1601	464578	743.83	924.71	-3.763912	0.7527168	0
578	122011221	7351	66	0	67	281405	70	691	159	743.25	1415.2	-2.576306	5.82332	1
582	122011221	49593	53077	377	6238	1138120	1066	1749	267	745.83	1491.0	4.802982	-1.9053779	9
583	2220212100	73312	87	17393	191	333976	474	1816	15368	745.61	1119.4	-0.35866258	5.211986	7
584	122011221	126030	62210	0	187	1099852	551	0	1366	749.64	1595.6	5.064052	-1.6595638	9
585	122011221	67298	97618	0	92	1040964	457	144	19623	750.2	1642.9	5.6671143	-2.3921854	9
586	2120211020	23995	56	0	238	369333	574	803874	950	746.47	1275.7	-0.20984213	6.558081	11
589	2101212200	26495	145	946	330	235214	20386	0	309705	750.0	846.52	-3.3850186	1.2799231	0
590	122011221	18474	211	0	87	224562	158	0	1666	743.03	1375.4	-2.5117538	5.752467	1
592	122011221	21888	43740	0	799	990096	1196	210	257	750.22	1528.0	3.754045	-1.5815685	13
593	2120212020	165998	13112	249227	315	711309	1258	491	1306	751.56	1001.4	3.6710727	2.3120356	4
597	122212201	103800	308	1046458	1345	367397	2409	253	64871	754.4	945.35	-8.385571	-2.4156651	8
600	2120212020	120952	699	430572	2371	630911	12960	317	25533	759.61	1076.3	2.3951373	2.8529842	-1
604	2101212200	95767	160	551	407	305414	3624	0	428832	763.68	823.61	-3.569391	0.9922464	0
608	202012000	28835	311	0	102	466591	6318	0	171327	765.09	1678.0	-3.088763	2.560811	2
610	122011221	27952	108888	101	191	926888	367	0	4768	763.17	1620.0	5.6822352	-2.435086	9
613	122011221	99009	589	0	212	377783	420	0	0	765.05	1505.4	1.4885889	4.624123	4
615	2120212020	169105	1742	21142	1620	530077	17418	4648	3504	770.74	1047.8	3.0175462	2.2248862	4
622	122212201	34765	2624	1012688	3288	676061	25974	523	412099	774.73	910.08	-7.6749687	-2.5054457	8
624	122011221	62195	47084	28	55	1151661	192	0	2029	776.34	1560.4	4.7582145	-1.7847763	9
627	2120212020	204297	1460	127656	2787	1126587	6228	374	3920	780.35	1003.8	4.3915415	0.33009836	-1
628	1111111101	47438	0	0	0	123852	348	0	0	774.26	41.537	-2.0073917	4.887802	1
629	122011221	32193	51815	0	89	671414	780	177	46	774.29	1533.2	3.2991066	-1.2890116	13
637	2120212020	134651	344	14546	212	416491	917	6256	770	788.36	1078.7	2.663152	4.146978	4
639	202012000	4	139	0	14	327713	19522	0	449163	788.85	1714.4	-3.7615805	0.42915523	0
643	122212201	72089	116	218	1191	152907	1420	0	14264	790.72	811.38	-1.4183539	4.6497273	1
647	122212201	131988	78	277163	750	1789716	899	1414	2614	789.39	968.88	4.736566	-1.6255462	9
648	2120212020	209076	35269	23586	731	508360	4408	0	908	800.18	1030.4	4.3825397	1.8535315	4
650	122011221	30536	9858	0	1900	225413	1368	0	1300	790.58	1518.5	-1.2694702	6.64324	10
656	202011000	26588	34517	0	431	790239	21321	0	68716	799.13	1662.1	2.9855168	-0.48692068	13
662	122011221	67496	59672	58	319	599059	349	332	4723	800.66	1131.3	3.4817894	-1.1723461	13
669	122011221	37859	33146	0	284	1006217	262	154	246	804.74	1530.8	3.5857775	-1.4274685	13
670	1122001111	52821	310	0	91	125156	77	0	306	805.54	788.17	-1.8178233	4.7578363	1
675	202012000	21040	3337	0	1765	485374	47090	0	259882	811.36	1691.4	-3.2051406	1.2988402	0
684	1100211101	54115	527	1674	351	170323	381	187	1074	818.45	768.13	-1.7457694	4.832277	1
687	2000001000	226	23997	35	1307	362440	7584	0	844417	820.23	1736.6	-3.0554547	-1.2030374	0
688	1111001000	29681	3172	16	31	80715	39	0	18	817.8	55.847	-2.549612	4.995634	1
692	2120212020	177242	112764	11248	231	477842	439	0	254	823.61	993.15	5.1350517	-1.5899719	9
694	2120212020	207449	174630	6890	139	512108	8009	0	435	826.53	1018.5	6.46235	-2.6900806	9
695	1111111010	86997	55441	167	59	1097051	156	135	117	828.99	1123.6	4.880825	-1.7239847	9
708	202012000	10579	759	0	122	430148	18511	0	81140	833.58	1671.2	-2.964213	3.2521136	2
709	1001001000	22	62250	0	1993	1310507	115690	1174	613808	836.09	1850.1	-2.6624613	-1.4348551	0
712	202012000	36265	1764	0	218	511492	959	0	492697	839.86	1710.1	-3.356655	0.34478164	0
722	122011221	130993	48733	1574	253	1046550	806	0	997	845.46	1103.3	4.730704	-1.1642226	9
731	1000	7860	396	0	164	2993382	42165	7307	1021910	853.12	1895.8	-2.7247593	-1.4395767	0
746	202012000	18954	49	0	3	244116	2232	0	183210	857.81	1693.8	-3.9827864	2.9448352	2
760	2010011221	81545	7	0	48	127334	1276	0	14231	866.94	23.78	-1.1603702	4.591851	1
768	1111111011	32293	49547	298	219	639366	485	0	1003	870.99	1108.5	3.1321018	-1.162944	13
774	202012000	20241	1228	0	38	489148	18627	0	260536	874.89	1736.0	-3.476156	1.3116953	0
784	202012000	16976	2722	0	246	287509	276	0	132673	879.01	1691.3	-3.9488325	3.389707	2
790	1111111111	47674	21482	0	79	538510	591	9	66	881.3	1166.1	1.6758418	7.2016478	12
801	1111111100	43056	1512	74	192	820113	174	0	119	891.07	1181.9	1.8793149	7.454312	12
806	2000001000	1964	58243	0	75	428351	51871	0	959319	891.4	1873.5	-2.8168538	-1.38938	0
812	1111111100	71396	42980	289	54	762061	442	0	304	893.66	1134.5	3.4263883	-1.2262664	13
817	22211201	57437	49251	0	0	722591	36	0	817	896.52	1679.3	3.4447494	-1.2860262	13
829	1111011101	824	1167	0	140	1470311	65191	532	551069	903.83	1923.0	-2.6966343	-1.3658456	0
835	1111111100	48230	1744	0	110	863448	6298	0	30264	904.54	1998.6	2.0563455	7.5763836	12
847	100211101	95839	54	117	78	153112	273	11	6842	914.14	639.05	0.21194227	4.0538073	4
856	2001212001	108389	27171	46798	905	375706	10643	0	924	917.91	821.03	3.3011742	2.6996963	4
861	222001000	137876	28162	3313	155	678255	46510	6	1090	921.35	1032.7	3.3131719	1.6697091	4
864	1111111000	96811	8559	60	65	516414	249	0	497	918.79	1121.1	2.0979636	5.6576266	5
865	1111111111	41006	4673	0	207	600107	471	21	226	922.19	1168.5	1.1302326	6.9243536	12
866	1111111000	4825	1571	18	18	161656	80	0	0	918.12	1272.1	-2.9430277	5.3672204	1
872	2001212001	54574	195	595248	693	323333	5393	99	956	925.97	849.48	-8.103391	-1.8834095	8
873	2120212020	165925	858	9171	324	319125	5356	0	451	919.6	986.46	4.1744184	3.8176107	4
879	1110111311	38641	41	0	5	220285	29245	0	195946	923.46	1954.2	-3.1297555	1.4653254	0
883	1111101000	76390	28230	122	218	1054712	292	637	105	928.31	1084.9	3.6467705	-1.1774235	13
896	1111111111	11380	76098	0	48	425621	209	0	53	933.87	1141.1	3.451576	-1.462086	13
899	1111011000	33216	601	17	157	661390	144	0	312	942.03	1255.9	1.0755194	7.0486536	12
901	1111111000	44286	789	58	81	712897	141	0	100	940.98	1182.2	1.4356269	7.0813503	12
906	1111111111	13150	10457	0	69	270537	256	0	44	938.63	1111.7	-1.3034694	7.066586	10
909	122011221	226706	13150	807	99	1718098	23270	475	292	950.59	1063.5	4.9791226	-0.7988784	15
914	22211201	34180	98161	144	94	1201818	111	0	62	941.19	1693.8	5.818057	-2.482727	9
917	2121212001	168987	862	5042	2515	346670	1184	41	587	945.02	809.51	3.972959	3.9222634	4
922	1111111000	81579	6216	460	125	808613	224	47	23	952.08	1155.6	2.1721063	6.5001435	-1
923	2120001221	53865	5335	2192	291	260367	249	0	72228	946.53	715.87	-1.1582006	6.133488	3
926	22211201	69977	87730	0	13	1623407	764	11	352	952.76	1674.2	6.259093	-2.692142	9
929	1111111111	77910	322	65	110	974064	74	207	21	957.45	1226.1	2.5954895	-0.3765123	13
939	1000	221650	2627	6385	102	403396	191	0	7882	960.32	828.04	5.339936	2.9320912	4
941	22211201	101724	39750	0	1194	890805	373	0	26001	957.62	1759.2	3.7101684	-1.1118693	13
949	22211201	37453	181459	0	106	1823674	301	26	54	963.53	1730.2	6.9431715	-2.9797761	9
952	2110111111	23771	10	0	1	309957	6555	0	213761	966.07	1956.2	-3.5572898	2.6541905	2
953	1111111000	97027	47853	3	68	1094133	192	0	30	964.39	1528.3	4.791818	-1.586321	9
954	22211201	36179	70475	0	110	950292	4386	0	196	964.42	1701.7	4.7717714	-1.9855591	9
955	20201000	33039	19560	12	11400	780434	5716	0	111189	966.45	1786.0	1.9824944	7.5846663	12
957	1111111000	14956	133	0	0	432992	0	0	74	965.26	1186.6	-1.095076	7.2343216	10
959	122212201	45781	113	8860	130	208026	7112	13	47111	971.05	608.99	-1.7619917	4.2160215	3
960	22211201	54801	110945	0	11	1335724	160	0	19	972.65	1609.0	6.310395	-2.707656	9
964	2001212001	288961	32260	4175	446	425801	12155	0	58010	976.16	758.67	5.2359786	1.2245712	4
965	2001212001	148237	13827	106943	196	380066	1757	13	1418	972.64	851.11	3.228789	3.4649758	4
972	1110001000	97396	106042	117	205	1309781	109	124	72	974.25	1090.1	6.235395	-2.6717649	9
981	22211201	72370	131625	0	63	1394428	1075	0	199	982.38	1684.2	6.5391645	-2.751943	9
983	22211201	33595	30427	0	32	393937	91	0	25	978.8	1741.8	1.47356	7.306365	12
984	22211201	49877	48655	6870	84	1335645	153	0	34026	984.91	1767.5	4.864889	-2.0148928	9
986	1110111100	61071	843	0	36	1044251	320	45	20	985.17	1246.3	2.6581397	-0.45517495	13
989	1111111201	37604	25118	0	0	434301	13	0	16	982.73	1541.9	1.4725796	7.2379417	12
991	22211201	107518	130489	0	102	1630937	174	312	1978	992.76	1717.5	6.7162266	-2.8230956	9
992	2110111111	4749	1893	0	63	567614	511	0	2004658	998.82	1921.3	-2.9137654	-1.3785007	0
994	1111111110	43635	39277	2	149	873839	4076	20	57	990.68	1525.5	3.5337958	-1.3341041	13
995	1111111010	9088	0	15	0	132645	562	0	188678	991.31	14.998	-4.437891	2.6082115	2
997	22211201	133661	91848	74	752	1547852	1081	3	277	996.72	1557.2	6.24247	-2.6457381	9
1004	2001212001	56071	3266	318792	169	218122	163	0	163	994.01	879.58	-2.41414	5.4139504	1
1007	111111000	65433	64033	38	415	1266603	174	588	829	995.7	1112.2	5.3301334	-2.2075243	9
1008	1111111101	39352	798	0	9	426770	97	237	0	997.12	1223.5	-0.988146	6.6665354	10
1011	2001212001	353624	147865	644	431	471591	2014	0	4259	1000.6	804.23	5.2025466	-0.31716827	14
1013	1111111100	58928	6926	16	80	648092	399	203	92	1000.1	1164.2	1.559499	6.728563	12
1015	22211201	27418	62986	0	28	1055091	303	0	970	1000.4	1746.1	4.7703953	-1.9540522	9
1016	22211201	32978	39969	0	120	1057398	208	0	43	998.41	1655.0	3.7764459	-1.564753	13
1017	2111111000	189842	71365	0	242	414587	85	0	50947	998.78	1894.7	4.663338	-0.42441055	15
1021	1111101110	63422	25276	616	78	813706	205	19	57	1001.5	1085.9	2.8649855	-0.6857391	13
1022	22211201	140775	154401	9	75	1494398	116	0	280	1006.5	1689.4	6.730824	-2.817894	9
1025	1111111100	44604	4383	7	124	320089	0	0	177	1003.4	1137.5	-1.0855229	6.5568185	10
1028	2001212001	37806	15	249015	273	203018	50	0	240	1008.8	855.4	-2.6068375	5.4071712	1
1029	22211201	112712	72866	0	346	2151886	356	85	405	1018.3	1600.9	6.5223756	-2.7494476	9
1036	2122211021	14361	315	0	6673	238746	276	7904	794163	1013.9	1872.0	-3.3185976	-0.84656644	0
1038	1122211021	11163	818	0	10037	465426	541	6293	1356086	1017.4	1842.7	-2.8689547	-1.3735352	0
1039	2001212001	263420	267401	989	540	513087	527	48	64838	1019.9	721.19	6.8618846	-2.9078677	9
1041	1111111111	92185	171686	348	725	1533572	874	28	125	1022.0	1528.0	6.893154	-2.9272451	9
1050	22211201	56633	101724	1	264	1402210	299	21	109	1021.0	1640.1	6.2001667	-2.6809323	9
1052	2001212001	275099	21976	1117	385	384517	8784	0	136	1023.7	787.46	5.4852777	1.5422848	4
1055	22211201	95896	103475	97	74	1602001	34	0	11448	1026.8	1673.3	6.4217525	-2.7519355	9
1061	1112111221	69519	27087	0	58	1108818	227	0	132001	1025.6	1709.3	3.7710617	-1.5079054	13
1065	1000001000	117872	5207	5784	255	355391	230067	0	493170	1028.4	677.46	4.0764394	1.0244957	4
1066	100001000	108796	22778	793263	1024	600558	13774	14	341	1030.4	915.78	-8.508952	-2.663837	8
1067	2001212001	497178	128689	1769	354	617368	1860	0	707	1028.2	819.75	5.1805863	0.07683423	14
1068	1111111100	89199	78448	0	207	1640937	461	7	102	1030.9	1555.7	6.1883516	-2.6471193	9
1070	1112101000	46572	2725	41	323	798265	933	0	576	1033.6	1272.0	1.8701179	7.3607078	12
1075	1111111111	16904	3118	0	63	471352	308	67	132	1035.6	1191.0	-0.5082093	7.362558	10
1077	1111111000	72478	184098	60	311	1629279	158	0	35	1042.1	1578.9	6.935409	-2.9623232	9
1082	2111111111	712	13	0	0	96175	179	0	173038	1041.0	37.338	-4.444867	2.6632245	2
1083	1111111100	30071	5121	92	74	671779	424	0	1293	1040.8	1214.8	1.2826983	7.3237824	12
1084	1111101000	118034	1143	0	2756	574615	379	42969	187934	1041.9	1862.6	-2.5603738	2.4706573	2
1087	120001000	259949	871	305457	333	404661	16787	68	62	1042.0	855.48	5.641852	2.0381105	4
1089	1111111101	245328	14834	301	399	354514	620	0	12287	1049.2	702.87	5.4433103	2.1874464	4
1090	1111111000	57495	93600	17	215	1244401	383	76	177	1047.9	1147.7	5.9044204	-2.5335574	9
1091	22211201	42430	56545	0	0	489414	160	0	121	1040.5	1636.9	3.059276	-1.0620147	13
1097	2001212001	141072	626	93	847	477636	5092	0	1116	1052.4	731.91	3.0009217	3.6319845	4
1102	22211201	4953	13229	175	197	299943	108	0	86	1052.4	1534.7	-1.0007944	7.315178	10
1103	22211201	45329	56472	0	25	568377	46	26	4	1047.8	1598.8	3.2179542	-1.2230871	13
1104	22211201	53447	93421	0	74	1254152	258	0	406	1055.7	1624.7	5.8095837	-2.4748151	9
1105	1111111110	269265	29425	127	364	434728	411	0	26	1053.4	791.39	5.2079787	1.3969253	4
1106	1000	175986	405	0	320	207480	368	0	220	1049.9	818.65	4.660403	4.020734	4
1107	1111212222	721	0	0	0	69279	48	0	455604	1052.4	24.105999999999998	-4.2150707	0.11021293	0
1110	100001000	95083	130	643040	5	483225	30881	0	8806	1056.0	899.01	-8.31978	-2.013832	-1
1112	1112111211	28023	4607	9464	750	680587	1215	2160	1769541	1065.0	662.04	-2.8988323	-1.446573	0
1114	1111111000	31536	15768	0	106	531822	39	0	225	1055.4	1190.7	1.2981448	7.258901	12
1115	2111111000	94321	0	0	2	368330	89	0	13753	1064.1	1889.5	1.107905	4.7779326	4
1117	1111111100	149969	23499	0	29	473548	399	0	334	1067.0	1980.9	3.725781	2.5389457	4
1118	2120201000	132233	90	2615	160	192712	6868	0	30	1056.6	835.46	1.023756	3.2902381	4
1122	1111111021	7714	71	22	2	317671	4279	0	553483	1060.8	1698.7	-3.7669055	-0.17802249	0
1123	120001000	160830	847	255252	176	249624	4179	0	689	1057.9	863.32	1.3452556	3.4768093	4
1124	22211201	67123	64990	0	0	702229	78	3	0	1063.0	1606.9	3.6187315	-1.2657061	13
1125	110001000	159237	289	424210	425	492832	131	31	366	1063.1	934.93	2.5047472	3.1325421	4
1127	1111101000	72315	78890	90	182	1000213	1006	11	265	1066.2	1168.8	5.1337233	-2.029657	9
1131	2001212001	174220	9817	6	111	1282731	4428	0	48	1068.7	757.58	4.59444	-0.45158523	15
1134	1111101000	90260	14290	25	49	513117	498	75	1162	1068.4	1206.1	2.0981977	5.9989176	-1
1135	22211201	113393	174178	38	136	1812331	758	64	207	1074.9	1563.3	6.905939	-2.939948	9
1138	1111011000	19942	1701	0	30	467274	223	0	185	1069.0	1309.1	-0.6553166	7.2705846	10
1142	22211201	44543	64280	0	248	1458220	214	0	12	1074.8	1587.9	5.669752	-2.4007647	9
1143	1011101000	6709	6323	0	77	433423	4376	14	571562	1073.3	1750.9	-3.3592763	-0.45477894	0
1144	110001000	153050	106	138	69	633104	2379	0	58	1071.6	824.12	3.4491873	3.0846581	4
1147	22211201	11474	20666	0	110	454065	460	0	6476	1073.4	1645.4	1.1494385	7.344345	12
1151	2001212001	258461	15186	404	55	503384	690	121	223	1077.2	787.82	5.335121	1.6815137	4
1153	110001000	131175	147	1418493	91	423198	18259	6	602	1081.4	903.64	-8.576661	-3.1358254	8
1155	1111001110	117918	95615	369	75	1172394	92	120	832	1085.5	1220.4	5.932647	-2.4343593	9
1157	22211201	37607	18854	107	343	487891	546	0	240	1079.9	1540.9	1.361541	7.1922417	12
1162	1101111001	71811	2498	0	35	188427	151	0	9535	1083.3	1912.7	-0.6718342	4.6533833	7
1167	2212211101	79795	3469	2830	61	354814	68	0	152779	1089.7	1819.9	-2.32379	3.1570315	3
1169	22211201	10304	42539	0	317	599895	412	0	141	1081.2	1606.5	2.9570992	-0.92714685	13
1181	1111111000	71050	14293	0	50	671678	310	0	241	1091.2	1188.4	2.105342	6.5222063	-1
1183	2001212001	223176	94766	217	236	297948	411	89	727	1096.8	742.45	4.7778983	-0.30827716	15
1184	110001000	202347	586	1183	363	395177	530	36	126	1091.4	817.25	5.0726514	3.252207	4
1192	22211201	68585	65776	0	210	1355051	600	17	57	1103.0	1531.5	5.5485234	-2.3197348	9
1195	2001212001	202092	15668	468	26	265884	823	0	4	1097.7	762.36	5.1254277	3.095286	4
1198	120001000	126128	68	275	0	208390	1765	0	90	1095.3	843.95	1.0558231	3.5991912	4
1199	22211201	63080	54721	0	28	375706	31	0	7506	1093.4	1616.6	2.8036718	-0.71248657	13
1200	2212211101	111261	4434	1135	9	363035	435	71	95	1103.3	1850.9	1.911303	4.546358	4
1204	1111111121	19811	108	0	162	330963	3218	0	370830	1102.7	1757.8	-3.9602144	0.8542793	0
1205	2001212001	345354	12931	749	78	762340	619	143	35	1102.3	792.07	5.3032913	0.9581274	4
1206	22211201	177329	21417	90	204	1045812	1831	0	170	1102.0	1586.0	4.6026196	-0.42217416	15
1207	1111111121	97754	91	0	276	642376	6632	0	564536	1106.6	1640.7	-3.0077803	0.43815073	0
1212	22211201	65067	75738	17	386	1237299	644	0	188	1109.9	1557.0	5.5478797	-2.344315	9
1215	1111111120	92315	5352	0	19	278723	329	0	20444	1103.1	1712.5	0.889613	4.8008237	4
1216	120001000	145623	9772	22119	504	381027	290	51	198	1108.0	875.56	3.1799827	3.85682	4
1222	1111111010	60418	8021	0	160	481407	303	0	11066	1107.0	1923.2	0.9700101	6.3807106	12
1223	100001000	272855	1014	21196	281	428909	823	0	591	1111.2	900.15	5.7993593	2.1111155	4
1225	1111111000	263	1537	65598	289	201620	552	0	334405	1115.5	434.82	-4.5035996	1.0638331	0
1226	10001000	236672	2391	1903	392	409994	9139	0	377	1115.0	854.99	5.7056813	2.4632664	4
1228	22211201	37021	36608	61	120	807656	57	0	23323	1111.5	1611.3	3.0872583	-1.0831182	13
1229	1111111202	7646	3632	0	0	347473	224	0	109000	1117.3	1955.5	-3.8855326	3.4944031	2
1230	1102112211	40539	6550	0	0	521937	257	89	337	1114.1	1813.0	0.91193384	6.6847034	12
1231	120001000	235311	284	81	480	466265	500	0	566	1114.7	821.01	5.424004	2.6667082	4
1237	1111111102	9741	298	0	5	525975	46	0	102	1118.1	1282.8	-0.34969532	7.4223285	10
1238	1111111000	57745	177	0	204	1054404	16193	0	238295	1118.5	1681.6	-2.3832157	1.6397072	-1
1239	22211201	17519	2821	0	70	231344	185	0	15	1119.8	1514.5	-2.495176	5.743022	1
1240	2011212001	129246	1492	63	57	282959	416	0	20	1120.1	762.07	1.488886	3.886793	4
1243	2101212001	207719	98	245	243	340365	287	0	7	1126.0	787.1	5.1542726	3.4592185	4
1244	1111111000	23514	2683	0	0	554313	15	0	6	1120.4	1260.7	0.03754362	7.34495	10
1250	2202212021	411011	27266	1881	386	705883	14731	0	551	1130.8	732.14	5.2280493	0.76180893	4
1252	1111111111	64778	2553	0	54	903806	90	0	246	1124.7	1318.1	2.5154738	-0.29515678	13
1256	22211201	68866	107079	0	143	806197	391	0	217	1129.8	1595.9	5.547538	-2.3346972	9
1257	1101111121	28263	11446	0	105	732464	879	0	23070	1130.3	1763.2	1.9608991	7.595796	12
1258	1110101000	40056	3624	0	0	114731	147	0	186728	1131.3	54.391999999999996	-4.1771684	3.0418673	2
1262	1221111011	90906	66	302841	45	403082	3271	52	110148	1133.5	517.61	-0.60527503	6.0061026	3
1266	1111101010	56247	38461	85	62	916260	276	0	83	1136.6	1241.0	3.5508213	-1.2833672	13
1267	111211220	110773	136	146	240	403981	13529	0	39507	1133.5	1629.5	2.1002634	3.2854545	4
1269	1122112211	20486	46	0	47	230400	16772	0	135	1131.4	1888.8	-1.345961	3.9511147	3
1272	22211201	2068	957	0	64	200928	160	0	69	1137.4	1502.5	-2.8179643	5.5329614	1
1275	1000	172039	87	113	89	420824	6166	0	14	1141.1	1565.3	4.0693717	3.5444582	4
1276	111211221	45697	12542	351	77	474710	652	0	1444	1142.2	1658.1	1.0437376	6.7361093	12
1279	1122012211	70802	718	263	53	377374	467	0	1422	1141.2	1935.3	-0.104600154	5.25014	7
1281	1000	143227	69	1100	227	184014	275	28	202	1133.2	841.88	1.1046922	3.434954	4
1285	120001000	197793	1267	456	176	577321	6341	0	162	1141.0	897.36	3.8951848	2.9691243	4
1288	2121011111	36185	99	894668	1	155237	752	42	37605	1144.1	558.59	-8.259661	-2.2806084	8
1289	22211201	17990	67	0	0	213325	4	0	14	1139.8	1523.1	-2.5834625	5.5968285	1
1291	100001000	139914	58	1011	120	213537	5977	0	58	1140.5	858.05	1.0425564	3.334034	4
1292	1111111131	34901	3122	0	45	553317	40	0	12	1141.8	1277.1	0.808981	6.789968	12
1296	2001212001	181615	95	335	26	235681	66	0	29	1142.4	765.84	4.677935	3.9343681	4
1305	22211201	35429	1929	0	205	345315	400	0	4	1153.4	1537.9	-1.2054591	6.664207	10
1306	1101111121	124131	0	0	170	443129	5168	0	1260	1154.6	1804.9	2.5120556	3.7873046	4
1307	110001000	292436	600	361	243	557998	401	87	149	1154.1	839.29	5.6722946	1.677988	4
1310	2001212001	325245	31755	172	229	422714	17427	0	12384	1156.6	690.66	5.2892933	1.0618645	4
1313	1000	104017	1605	0	279	339648	941	0	32	1154.4	1599.2	1.5220416	4.490287	4
1319	1111111111	2670	2455	867407	19	606365	2542	893	332322	1158.4	432.39	-7.6711817	-2.417785	8
1321	2011212001	157815	86	619	149	997501	2941	557	70	1156.0	811.74	3.7277424	2.1115384	4
1322	2111111110	31787	737	1369223	35	753890	13480	2051	100431	1159.2	520.54	-8.40035	-3.1370025	8
1323	1111111111	45420	10813	79	200	631926	2267	83	762150	1164.9	993.01	-3.148695	-0.8824616	0
1325	100001000	114435	0	73	224	446283	2543	0	13	1160.3	780.21	2.1728802	4.4437346	4
1331	1111111101	504799	36	111	261	1850475	13371	113	33	1161.1	1171.7	5.1176643	0.19777146	14
1334	1111212001	265906	18796	65	54	327676	1143	0	50	1165.5	747.13	5.4971633	1.9062991	4
1339	1101111121	36280	238	6722	1230	262797	41	0	1702	1163.7	1917.5	-2.2249866	5.51498	1
1342	1111111101	59	2165	1897964	9	1742945	695	1830	107985	1167.4	454.35	-8.708803	-4.198392	8
1343	101111000	138375	12475	148	461	1412899	2278	540	364074	1166.4	1034.4	3.929552	-1.5952199	13
1347	2001212001	166484	26337	315	10	1135517	4780	42	84	1168.6	716.31	4.5994244	-0.51867193	15
1361	2212211101	77585	78	0	529	438719	259889	0	584	1178.4	1723.8	4.0869045	1.0364544	4
1369	1111211101	295023	126	411	186	557369	2244	182	252	1181.9	885.78	5.7045918	1.5616225	4
1372	1111001000	40363	42	0	114	367007	3775	0	236104	1181.6	972.66	-3.3802025	2.5661495	2
1374	120011200	84008	89	128	140	508415	14521	158	107	1181.3	808.35	2.2007518	3.1838114	4
1379	1122111211	5604	5470	52391	120	139526	224	0	9600	1179.4	1953.2	-2.8492272	5.5244937	1
1381	1101111120	73250	4917	0	259	370651	797	0	315	1183.6	1832.8	0.5093047	5.353213	-1
1384	22211201	125632	20159	0	1134	631379	521	0	336	1188.9	1435.1	3.7122097	2.4058716	4
1386	110001000	155265	105	0	32	517429	9742	0	192	1185.1	773.95	3.2497942	3.0291362	4
1391	1000	300304	1873	38	159	724535	4521	41	234	1194.4	1198.1	5.316111	1.3121526	4
1392	1111111111	32863	8759	976	179	495273	365	0	419556	1188.7	1400.9	-3.3896565	0.5820952	0
1393	1212211101	223680	2932	0	840	837284	21090	70	198	1195.6	1704.6	5.1399612	1.5040435	4
1396	1111111111	11898	16	16	20	57389	71	10415	343622	1188.1	45.827	-4.7042885	1.3384418	0
1400	1000	150259	28	0	80	345429	6870	0	58	1193.8	1592.7	4.000839	3.751375	4
1403	1101111121	73510	694	0	132	513513	696	0	101	1193.5	1856.2	1.1119868	5.8792615	5
1406	2212211101	21206	89	134536	343	340587	214	0	10847	1195.1	1785.4	-1.479115	6.9347496	10
1410	1111111111	2158	0	0	0	220240	28	0	106080	1197.0	1384.1	-4.0888042	3.4335706	2
1418	1111111100	6051	51	0	16	155522	220	5778	139353	1192.6	995.02	-4.2107067	3.1371288	2
1419	1111111111	136250	931	45	265	448522	940	0	617917	1198.5	1057.0	-3.0340085	0.45485193	0
1420	2212211101	280842	9435	112	205	1049974	6620	0	1309	1199.4	1655.3	4.951286	0.44401264	14
1422	2111111101	10522	0	729063	56	206704	8214	62	11550	1197.1	387.23	-8.200466	-2.0249612	8
1433	2212211101	258878	5051	596	469	1148654	523	0	4218	1206.3	1624.6	4.791406	0.21062486	14
1434	1101111121	134075	1659	64309	23	250162	76	0	46	1203.9	1939.2	1.3064673	3.7446895	4
1435	22211201	113442	73	699	68	304057	938	0	1367	1200.8	1108.0	1.4500248	4.064432	4
1439	1111111000	58513	100	365	88	395933	698	0	428854	1206.9	1010.2	-3.6967616	0.81756455	0
1440	1122111101	20864	444	150794	449	193284	367	0	33	1205.9	1977.6	-2.6135614	5.4965615	1
1442	1111111000	9770	5381	518525	103	356599	1545	50	108163	1211.2	367.34	-7.850202	-1.8771926	8
1445	1111111100	68380	90	23	80	466142	387	0	257655	1208.7	975.55	-3.0195513	2.4353561	2
1454	110111000	306824	592	183	4540	503994	381	60	211030	1213.9	1138.3	5.6558414	2.4786575	4
1455	2212211101	212054	19	0	152	2219582	13927	217	25809	1217.1	1682.4	5.5408797	-2.0122275	9
1458	2111001000	59500	1106	1291765	31	246858	20445	218	56663	1213.6	437.02	-8.522253	-3.0416524	8
1461	2110011000	886	1729	837746	0	591366	36	705	24032	1212.6	526.88	-8.275023	-2.537462	8
1465	1111111313	33601	1208	2342362	309	1244232	3373	1354	54142	1219.6	516.06	-8.838334	-4.3681207	8
1472	1000	64032	73	29016	338	381400	751	0	8823	1221.7	1536.5	-0.26064193	5.367334	7
1473	2212211101	179609	11835	0	191	370870	226	0	103	1221.5	1568.8	4.420147	3.3016176	4
1477	1101111121	36229	5904	0	353	289224	115	0	16872	1221.6	1805.6	-1.2248836	6.627306	10
1479	1111111111	238867	1460	111	24	390305	8631	0	51292	1220.1	1081.4	5.702809	2.5293453	4
1486	1211001	87582	18	84408	9	542608	357	0	6817	1226.5	572.57	1.590411	5.650883	5
1494	111111111	312802	5399	287	719	1129470	85446	14	61762	1230.0	1331.5	4.281628	1.2090358	4
1495	1111111000	142928	19627	5	94	126386	177	0	37	1225.0	1599.8	3.4190214	4.061646	4
1497	1122212221	310196	125	82	110	343459	396	0	258	1228.0	895.49	5.91838	1.6495192	4
1499	2212211101	1493	0	0	0	360058	38	0	113540	1230.3	1642.9	-3.8696702	3.4808273	2
1506	110001000	137345	121	425	45	449505	11081	8	455	1234.1	668.49	2.926379	3.2755256	4
1508	110001000	29712	6	0	82	231340	311	6651	44	1232.1	712.09	-2.2891293	5.5392036	1
1509	1111011100	130401	50	16	98	218003	1283	0	55983	1224.8	1008.1	1.2090861	3.7947776	4
1512	1110111111	167093	134	0	58	401701	5472	0	951	1231.9	1163.1	4.082346	3.6378238	4
1513	1111111111	256484	140	44	271	778035	3939	0	401841	1232.3	978.07	-2.2156186	2.0731401	4
1515	1111111000	20207	40	388399	19	288027	397	19	616173	1238.4	421.81	-4.308805	0.07693663	0
1516	1101111121	18587	111	0	318	400341	2274	0	105	1234.0	1827.0	-1.1795092	6.915331	10
1520	2212211101	41645	49	0	106	417022	1185	0	41754	1236.3	1756.9	-0.9426814	6.361295	10
1522	1111111111	3311	353	241538	125	233620	555	0	476818	1242.0	444.66	-4.4700603	0.4392062	0
1528	2110001000	113052	269	1641173	192	269302	22588	313	5263	1240.8	534.91	-8.538987	-3.197231	8
1531	1000	334214	131	82	132	450977	7631	111	5634	1243.5	1151.1	5.866668	1.3715751	4
1532	1111111000	246550	22678	6801	671	329666	1009	3858	1693	1246.0	1586.2	5.397883	1.9458315	4
1534	1111111111	228877	7622	794	302	586079	5121	275	1609	1249.8	1014.5	5.085617	1.7976888	4
1535	2212211101	1156	21	0	214	383360	305	0	276911	1245.6	1693.3	-4.1125536	1.1460667	0
1536	1101111000	15096	696	0	228	278976	0	0	67373	1245.4	1779.4	-3.9268537	3.6592424	2
1539	1111111010	113229	4328	0	290	226771	3652	0	12930	1244.7	919.33	1.3654082	3.93819	4
1540	2202211201	172849	19142	174	120	317749	21865	0	60499	1247.4	941.65	3.0598958	2.193273	4
1545	2212211101	78893	1009	0	216	660098	298	0	9844	1249.4	1726.9	1.7011523	6.345292	12
1546	1111111110	13254	2243	834012	116	399182	521	0	590148	1249.2	468.67	-4.7794456	0.2026305	0
1547	1100011000	124203	128	0	103	219040	26540	0	6527	1244.5	1179.8	2.4338517	2.6559622	4
1551	2202211001	40145	57	37	59	199282	617	5	68	1247.5	871.53	-2.1061566	5.1209946	1
1553	2212211101	29973	1214	73	385	204534	163	0	12499	1252.2	1616.2	-2.2897117	5.4508195	1
1556	2001202001	137039	184	160339	21712	1121455	2702	0	4306	1254.6	558.58	2.9578621	-0.15923603	13
1560	1111111100	679	13	71	0	70814	44	52250	454197	1250.6	71.711	-4.1345806	0.2553206	0
1561	1111111111	235297	3291	85	90	685097	529	0	4665	1250.6	973.75	5.03375	1.7758973	4
1566	1111111110	1588	6	914868	338	288783	7609	0	187619	1254.2	1519.8	-7.8257236	-2.5282018	8
1568	1000	125989	311	18	51	241387	93	1	14944	1256.1	895.96	1.194248	3.6601388	4
1570	1111111000	165	58	0	129	187203	169353	0	7679	1254.1	1478.1	4.0571814	1.0639007	4
1574	1110011001	198768	1899	0	54	276767	58506	0	179	1257.4	1329.7	3.8731518	1.5090042	-1
1575	1101101000	81519	0	0	164	413103	3948	2419	20745	1258.7	1759.2	1.1930753	4.9072466	4
1576	1101111000	28112	401	0	170	248294	4283	0	0	1253.1	1834.4	-2.1188753	5.3627973	1
1578	1121111111	53403	5468	5462784	747	459745	2346	451	16489	1263.3	1546.8	-8.90572	-4.695765	8
1593	22211201	178291	594	0	156	250369	257	0	66	1265.0	1076.8	4.628912	3.9541202	4
1595	1111111111	240743	6509	0	139	347954	5607	186	83129	1271.7	1154.8	5.5643353	2.6816413	4
1596	1111111101	146019	72221	283	181	551040	1137	0	10859	1272.8	1437.8	4.609575	-0.56337947	15
1600	2001200	267194	21720	116	188	416744	671	0	778634	1274.4	930.57	-2.8181305	0.8710086	6
1601	2212211101	5082	0	0	145	427155	1063	169	108665	1269.1	1704.3	-3.8650212	3.4718874	2
1605	1111111111	147	36	186712	269	262607	457	1	415389	1271.3	455.79	-4.4673533	0.5926037	0
1606	100001000	92711	321	62105	217	498617	6981	0	1498	1279.3	631.8	1.8960168	5.1137567	5
1608	2212211101	12870	898	22	136	203893	444	3645	147646	1270.5	1647.3	-4.183218	3.1716056	2
1613	1111211100	48389	2297	979524	23	218539	607	352	84358	1271.2	481.95	-8.293688	-2.3333046	8
1614	1111111100	260854	16856	1	359	446819	7025	0	322	1275.4	1394.8	5.4252095	1.6776944	4
1615	1000	32469	0	0	319	267935	48723	0	105112	1268.8	1472.0	-3.1042023	1.4067997	0
1618	2212211101	69744	39	0	213	502498	734	0	12615	1276.3	1605.4	0.83108914	5.9241934	16
1627	1111111111	14948	37	70089	8223	344866	529	83	639034	1277.2	1505.0	-3.5522058	-0.5028845	0
1631	1000	277895	467	62	52	324813	7188	0	18286	1281.1	892.37	5.919013	2.1170692	4
1634	2212211101	74390	323	0	131	1083683	61	38	81449	1281.4	1724.1	2.8102899	-0.54340965	13
1638	2212211101	25886	0	0	41	334080	114	0	153464	1282.3	1688.5	-3.9163508	3.2622595	2
1641	2212211101	43813	123	0	304	379788	149	63310	2869	1286.2	1635.3	-1.1351626	6.596553	10
1642	1101111121	6588	460	0	47	238461	50	17034	83406	1279.4	1754.5	-3.9549203	3.5976236	2
1645	1101111100	36785	1515	0	104	608384	5492	0	163	1281.1	1805.7	1.254146	6.7292695	12
1648	2212211100	22142	313	0	114	288809	144	38249	66102	1284.4	1664.5	-3.8166351	3.9113142	-1
1650	1101111000	29963	39	0	39	348332	58	0	37	1283.8	1867.6	-1.3447777	6.664551	10
1653	1111111000	176062	2743	86	0	262116	4289	4485	0	1283.9	1313.8	4.518214	3.9118433	4
1656	1111201000	42793	1064	2396641	215	763638	8867	937	4299	1289.4	515.78	-8.87283	-4.3750324	8
1661	2202211201	353266	7346	197	92	448723	3387	24	27138	1292.9	1093.4	5.763031	1.2239116	4
1663	1110001000	5915	192	719094	149	462022	332	116	200074	1289.1	465.94	-7.7433987	-2.35142	8
1667	2001212001	83772	3144	242066	60	584593	14589	0	2251	1294.4	582.28	2.375336	3.0006773	5
1668	1110111000	23571	720	0	326	224170	29	0	159783	1286.0	1171.8	-4.160184	3.1272562	2
1669	1101111120	210804	861	17	268	432580	5144	83	7	1293.6	1909.7	5.3716917	2.8874555	4
1671	1111101010	23074	58	174865	76414	227799	538	0	296819	1293.3	1521.0	-4.5599723	1.534028	0
1678	1111111111	17513	2006	619	0	299329	24	0	456601	1299.5	370.82	-4.071988	0.18143712	0
1680	1101111101	52876	36	0	35	297985	12392	0	3494	1296.2	1797.2	-1.0505116	4.0340533	3
1690	2212211101	78927	5	0	412	1105930	2980	0	2710	1304.9	1592.7	2.7371838	-0.4555469	13
1692	1111111111	80581	795	86	638	413978	244	211	77141	1302.3	1196.0	-0.79446113	5.8137746	3
1693	2212211101	106414	56	0	7150	446992	2350	0	5138	1301.8	1568.5	1.9624199	4.66544	4
1694	2212211100	62022	0	0	64	1113476	102	163	47	1297.3	1615.6	2.7877882	-0.5361967	13
1697	1000	227161	683	928	11	377135	967	4	71856	1299.0	919.15	5.376914	3.0844479	4
1705	1000	89352	906	0	36	256967	5808	0	112	1303.2	843.03	1.153689	4.0120907	4
1708	1010	15695	15983	74	153	270916	462	75	744987	1302.9	955.62	-3.272316	-0.8534306	0
1714	1111111100	142330	256	2	0	214995	290	0	1848	1304.3	1050.9	1.0877314	3.4336894	4
1715	1101111101	4287	980	0	285	398523	443	256043	120861	1306.4	1673.7	-0.5450247	6.581791	11
1717	1101111001	77350	32037	0	106	372370	338	0	39	1305.6	1883.3	2.1199594	6.4121532	-1
1719	1111111010	86	18	935	86	77644	69	0	186315	1305.1	298.03	-4.470427	2.6040022	2
1725	2111001000	33723	5869	1291936	156	607269	5273	116	101905	1306.6	472.6	-8.312657	-3.0946808	8
1728	1111111110	78623	6472	248	363	277159	813	0	56	1311.0	1309.3	0.05105697	5.0874143	7
1731	1101111121	24425	7828	0	73	234498	48	0	14	1309.2	1818.3	-1.3365381	6.627162	10
1733	1000	120451	159	108	22	369636	6552	0	141	1315.4	894.46	2.0867329	3.7610562	4
1737	1111111111	31684	396	3	2	62239	660	0	95693	1313.7	215.73	-3.2846866	4.808061	1
1739	101111100	35038	5178	97355	16	368442	50	0	19	1316.0	1840.7	-1.0413014	6.9373884	10
1742	2212211101	34142	667	0	229	714460	428	192061	6818	1311.6	1645.5	0.2925874	6.885306	-1
1746	2202211201	23328	1188	32	0	128712	105	0	26	1312.3	790.88	-2.594257	5.117901	1
1754	1110111110	13875	63	0	712247	516134	1075	3998	193746	1320.2	1167.9	-1.3505095	1.9203683	17
1758	2202211201	333569	9021	590	94	516025	2039	0	458498	1325.8	1068.9	-2.0253544	2.0515783	4
1759	1111111100	159142	75063	161	216	428304	3358	0	142	1323.7	1337.9	4.6338224	-0.4716855	15
1762	120001000	114608	394	16444	192	616531	37082	114	33187	1324.3	573.11	3.0974226	2.0527103	4
1769	1111111111	266453	82231	0	415	389259	518	0	213	1326.0	1409.1	4.8420334	-0.114939	14
1773	2112001000	42318	61	1903319	20	432365	662	235	90757	1325.8	483.21	-8.881951	-3.8710473	8
1780	21211001	74398	1346	1341612	114	557468	7857	195	3198	1326.7	546.03	-8.604563	-3.2523296	8
1781	100001000	63266	7132	235	155	1200676	36787	32	1980	1327.2	635.36	3.2639115	1.2583724	-1
1783	1112211201	181511	39	0	11	217409	3442	0	5	1330.3	799.86	4.714322	3.9399772	4
1786	1101001000	47588	509	1272	176	378428	19988	0	80	1327.7	1872.6	-0.98017514	3.9224083	3
1787	1111111000	1660	0	465	62	195546	68	0	456233	1328.3	373.72	-4.1640563	0.17466158	0
1788	1111001000	88797	3958	0	446	393031	16959	97	3205	1331.1	1200.8	2.1453044	3.2117743	4
1789	2212211101	90292	187	0	353	561775	80	0	127	1330.1	1585.8	1.9437866	5.5265083	5
1790	1110101000	100003	845	0	389	395635	2204	4	103	1331.2	1228.5	1.6340923	4.65409	4
1795	1110111111	76387	2428	30	3625	551324	891	0	1727495	1338.1	1482.5	-2.8332458	-1.4550571	0
1799	1101111121	71317	47	283201	174	276477	1243	0	80	1332.2	1822.7	-2.2293482	5.3977556	1
1801	2202211102	59331	29	191	120	180312	496	0	546	1335.0	748.69	-1.567738	4.7850623	1
1810	1110101000	0	8	32	0	90821	6407	0	284964	1337.8	255.29	-4.6899595	1.4329612	0
1811	1111111010	128178	61	368	50	391618	907	0	458	1342.9	702.12	2.4245899	4.2024536	4
1814	1111111101	1476	170	1049171	25	222729	5553	0	180537	1336.2	337.49	-7.8225303	-2.5425506	8
1816	1111111100	1074	0	17642	37	144918	4622	0	272619	1335.9	457.1	-4.6280847	1.4581493	0
1817	100001000	49375	73	1145	53	239904	1139	55	32807	1340.7	616.53	-2.0310736	5.1863914	1
1822	1000	6351	870	0	288246	290408	29905	177929	14833	1340.2	1161.9	-1.081025	5.6778107	10
1824	1110001000	7351	655	0	33	71571	191	0	295756	1338.4	130.21	-4.6923704	1.508939	0
1829	100012201	14508	85	1046	99	207669	4234	0	142619	1341.6	592.21	-4.1383185	3.0876153	2
1830	2212211111	28981	468	90	843	1811912	764	57302	17387	1345.3	1644.2	4.5527887	-1.8923402	9
1831	1101112101	65281	1075	0	62	616139	5003	53	8791	1345.5	1755.9	1.3465736	6.4524403	12
1835	2110212001	147987	125	0	271	596353	802	27	21638	1346.6	1730.2	3.297085	3.3498724	4
1837	1000	361176	2484	3341	174	473641	270	0	66793	1351.7	932.87	5.728929	1.2426455	4
1839	2111212001	189907	5486	989	137	681240	178	0	10426	1352.4	1804.5	3.789609	2.5838184	4
1843	1111111121	483	0	2164	7	250836	5015	0	515403	1349.0	311.11	-3.976041	-0.022451274	0
1848	120001000	168016	7	151701	54	520981	17151	0	36108	1351.9	552.56	2.9257474	2.345129	4
1849	2212211101	81927	62	0	692	679033	8200	0	228789	1350.6	1613.1	-2.663836	2.1755269	2
1851	1110001000	14005	0	544747	52	204124	26915	37	32	1346.4	1858.6	-8.107956	-1.8732669	8
1854	2212211101	34218	0	0	52	1159939	231	0	24469	1353.5	1688.0	2.8523228	-0.5855612	13
1855	2111212001	115101	229	1381422	188	394752	726	47	380	1354.7	1836.8	-8.583327	-3.1361616	8
1857	2100212201	199363	1243	3705	139	443124	10233	5	299087	1358.5	577.63	-2.1185167	2.2723215	4
1863	2212211100	220220	24	0	7139	493159	860	0	432	1357.5	1540.2	5.25905	2.8504457	4
1864	2212211101	178683	298	151	2674	564903	3679	128	16750	1356.7	1577.4	3.6109157	3.086339	4
1869	1111111100	23687	20	349952	46	265824	118	117	341994	1356.9	451.6	-4.507057	0.8591881	0
1872	1111111111	25053	81	0	371	348567	3897	0	0	1356.0	1273.1	-1.348617	6.5107813	10
1884	1000	11830	9197	197	267	530597	12266	0	1278276	1363.8	977.85	-2.9063394	-1.3757691	0
1889	1111111100	152551	49979	106	1233	380424	254	0	215	1363.5	1411.3	3.8255687	2.2941635	4
1896	2202211201	53122	6554	123	141	219632	8562	3773	93374	1367.5	641.57	-1.8936434	3.862863	3
1898	1111001000	1318	0	2106	0	160491	119	0	279755	1369.0	297.9	-4.6682973	1.5553882	0
1903	100001000	39545	0	348	28	223837	455	0	42885	1367.7	604.02	-2.1504698	5.350235	1
1907	1111111111	252001	1054	0	1184	376669	2756	17	3075	1374.7	1152.4	5.794359	2.6573873	4
1911	2202211201	170308	288	41	101	203582	184	0	306	1370.9	722.89	4.6220603	3.9665504	4
1920	1122212221	29717	450	711	45	444519	442	88	694176	1373.9	858.25	-3.324274	-0.7051712	0
1924	2202211201	156723	18	20	19	322748	561	0	49	1373.7	748.43	3.8701012	3.9801264	4
1925	2110212001	233948	2643	0	247	479002	39396	2703	100475	1375.6	1746.1	3.8005712	1.6042917	-1
1926	2212211101	58053	7241	0	4158	666012	583	0	159	1375.8	1562.6	1.6708584	6.880061	12
1930	1111111000	130813	73	52	15	269958	378	0	62	1378.5	771.57	1.273929	3.7388806	4
1935	2111111121	55506	0	0	68	438670	1943	0	61140	1378.7	1698.0	-0.8965127	6.056587	3
1938	1111211200	55781	99	1400459	68	714228	5880	5	976	1380.1	532.81	-8.505023	-3.2757852	8
1941	1000	287849	32	259	33	419228	11381	26	98739	1383.6	932.48	5.776807	2.3634357	4
1945	2202211201	154904	15	30	0	212340	1341	0	5704	1382.0	682.35	1.1276174	3.3560746	4
1946	1000	60485	40	43	7778	432249	960	7617	936565	1382.2	1068.3	-3.0539627	-1.1944466	0
1951	1111111000	121556	10223	156	1003	414946	98	0	56	1385.3	1383.7	2.7021937	4.346	4
1952	2212211101	235832	671	0	16144	443016	775	0	33901	1390.4	1494.8	5.5086575	2.8479664	4
1955	1000	13675	370	0	52268	487762	1244	0	568439	1389.5	1193.7	-3.4330697	-0.34978384	0
1960	2210211000	67693	83	5	4558	279463	2592	0	4283	1386.1	1579.5	-0.5739164	4.9090705	7
1963	1111111111	24348	85	246036	78	247443	5609	0	381905	1387.1	309.72	-4.4554095	0.8687268	0
1965	2202211201	203683	11904	0	1329	727642	608	0	9803	1387.0	1129.2	4.0610557	2.192758	4
1966	2212211101	142635	295	0	15335	399925	1465	0	834	1388.4	1542.9	3.1651454	4.052315	4
1971	2202211201	314084	108	469	106	477890	48654	37	6495	1390.5	576.4	4.3532205	1.2766157	4
1973	2110213001	246339	13137	152	10	504811	13163	0	48	1386.2	1787.8	5.3934383	1.6892986	4
1983	1111101000	8788	47	1883483	121	1457362	5517	0	171409	1393.6	352.93	-8.774054	-4.1214843	8
1985	2212211101	169411	15	51	267371	460186	7306	0	164557	1394.9	1630.3	2.6883075	3.6461184	4
1988	1000	23292	0	0	0	99402	4	0	347619	1393.3	957.08	-4.670266	1.3938094	0
1989	1000	6069	21	0	97	208896	377	0	186448	1398.1	1101.1	-4.263405	2.8569653	2
1995	1111111110	4980	554	2112711	40	1581913	2152	978	219242	1400.1	440.16	-8.760919	-4.218257	8
1996	2202211201	100582	9	189	50	321563	11363	0	9533	1403.5	594.83	1.8593894	3.441919	4
1997	1111111111	113113	4131	6930	3760	214766	3535	3244	2599	1396.5	727.43	1.3691616	3.9254704	4
2001	1110101010	47026	45	0	0	91524	4398	0	1744	1393.9	97.223	-1.749187	4.6980243	1
2002	2202211201	65826	7	25	98	325782	6462	1657	33866	1401.7	619.75	-1.059559	4.384754	3
2004	1111211000	23884	13399	1257195	15	263194	6866	0	33841	1401.2	513.69	-8.395344	-2.9582226	8
2005	1111111111	173911	1042	225	158	362643	2708	0	149821	1398.4	851.95	2.4881895	3.577861	4
2015	2110212001	75810	9386	697	332	448696	5999	0	332	1402.0	1810.5	1.8755326	5.501862	5
2017	1111101000	35593	3436	1703295	0	438445	596	0	345724	1411.2	400.67	-7.947222	-2.7998838	8
2020	1111111111	43978	5515	526	50	214677	21594	201	27359	1406.4	646.71	-1.1127267	3.8921206	3
2023	2212211101	177999	218903	47	18477	576429	1553	0	78095	1409.0	1464.5	6.7561398	-2.8285635	9
2025	2202211201	96000	41	43679	0	224579	5931	0	166	1407.0	534.05	0.96327645	3.8885405	4
2030	1111111000	200380	255	0	61	275928	292	148	1556	1408.2	678.26	4.967767	3.7235472	4
2032	2110212001	69575	27	298	104	350982	297	0	4611	1409.5	1752.9	-0.22685835	5.2297516	7
2033	2110212001	162565	23768	242	93	535348	1576	0	634	1410.2	1782.2	3.8048954	2.402284	4
2045	1000	84982	673	29	1548	465350	13805	0	554796	1411.9	1065.6	-3.0691738	0.407398	0
2046	2110211100	300974	1076	3524	518	553039	6347	0	1226	1417.1	1693.1	5.6970763	1.4759098	4
2049	2212211101	257679	11222	122	75936	440477	7968	13	14420	1419.1	1528.1	5.4501395	2.2357457	4
2055	1111001000	637	276	357842	259	164950	427	75	455765	1411.6	366.3	-4.5423884	0.6055258	0
2063	2110212001	24998	2652	3875	613	331289	660	0	974	1420.1	1915.8	-1.2489243	6.7233014	10
2066	2212211201	134587	5112	23	59	674172	374	0	238063	1418.8	867.32	-2.6305897	2.2476215	2
2067	2110212001	96492	5656	0	36	528398	1460	0	4271	1422.2	1728.0	2.028241	5.585942	5
2069	1000	10859	101	0	1393565	258183	3206	0	298142	1419.2	1182.9	-1.2571617	1.9030981	17
2079	2212211101	158183	7769	77	60981	366174	329	282	18984	1426.5	1507.9	3.1859055	3.9175642	4
2080	2110212001	235702	244	13891	302	262955	230	61	68608	1420.2	1653.4	5.257433	3.4222474	4
2082	2110212001	56264	508	120	92	649965	5063	0	120	1428.2	1836.6	1.3421353	6.6116195	12
2089	2212211121	259092	62	177	81361	521303	8789	0	64378	1431.4	1486.4	5.598504	2.4391794	4
2097	2111111100	10468	808	989958	18	257582	63	0	139692	1430.4	380.05	-7.9478793	-2.5171487	8
2106	2110111111	155142	11291	19885	192	295641	133	0	12055	1430.7	1953.5	3.4515216	3.980231	4
2112	2121311131	38981	3078	1242828	82	525555	5269	1123	12725	1432.7	513.74	-8.4344845	-3.0938482	8
2118	1111111000	67366	5402	51	101	476606	181	0	161	1437.1	1337.3	1.041544	6.047111	16
2119	1111111101	141864	12693	0	6476	419747	10130	0	55330	1438.0	1429.1	3.029624	3.0440888	4
2120	1111111111	642	52	0	71	117609	5192	0	339561	1432.8	154.65	-4.6483226	1.2925221	0
2121	1011101000	111694	420	202	1111	309735	5569	0	166	1434.8	1403.6	1.6023924	3.884297	4
2129	2202211201	105454	0	83348	0	171437	572	10	170	1442.4	584.7	0.4746455	3.9529727	4
2137	2202211101	39311	74	0	152	299771	15079	0	146	1445.4	1716.2	-1.0932018	3.9727256	3
2138	2110212001	306083	193	1822	199	641688	63073	0	4903	1450.1	1758.8	4.304871	1.2406471	4
2140	1122212201	78431	1910	309	81	281728	5452	13	200026	1441.6	763.28	-2.5245764	2.8710864	2
2146	2110212001	258418	16499	54	64	377987	212	0	169	1450.6	1813.4	5.4859023	1.9704738	4
2147	1111111100	9875	0	212272	180	202073	580	0	196234	1448.8	305.72	-4.070874	2.9990149	2
2150	2212011101	38165	0	108722	89	183414	584	0	75	1445.2	1689.9	-2.3446748	5.337079	1
2153	2111011100	405	2831	401352	0	296206	852	0	379689	1450.1	331.58	-4.560713	0.7343084	0
2158	1000	20205	1034	0	208	274114	3330	0	574926	1445.7	1033.9	-3.7082443	-0.2257075	0
2160	1111111101	134898	317	204	0	167536	3991	4	2767	1446.2	660.7	1.0440667	3.3774195	4
2162	2110111111	17307	2542	35225	46	429093	8034	0	91	1444.8	1914.7	-0.7744756	6.855044	10
2164	1111111111	117780	22	84223	84	155174	737	0	107	1452.4	617.17	0.6490327	3.864962	4
2165	1111111000	235703	5143	233	33	245439	240	0	119	1452.3	637.52	5.5835485	3.0966878	4
2166	2110211001	137385	28	186	87	369449	162	0	294	1450.9	1789.7	2.9852393	4.13598	4
2167	1000	38857	4192	6	74	618627	870	0	1087976	1452.9	976.56	-3.015206	-1.2453704	0
2174	1000	7390	56	3	459789	1063232	58654	9	928998	1459.6	1090.4	-2.8031056	-1.3689004	0
2175	2110111021	3279	6077	1372	5279344	365098	35451	119	72513	1458.1	1199.8	-1.2660842	1.8247716	17
2178	2111111111	42349	1255	1085702	304	172863	6552	0	601	1458.5	536.22	-8.33247	-2.486775	8
2179	1111111111	13794	76	0	165	270761	2962	0	50	1457.1	1353.2	-2.3494682	5.7499332	1
2180	2110212001	76285	115	0	0	218385	77	0	314	1452.8	1830.2	-0.5469684	4.6880665	7
2183	1111111111	71806	198	0	751	331871	176	0	7	1456.2	1394.7	-0.26980022	5.0839944	7
2184	111111000	2364	1586	115	5	110813	7825	3379	305973	1458.7	135.06	-4.6857333	1.3711712	0
2187	2212211101	49537	46	131188	37300	198033	381	0	17652	1457.3	1519.2	-2.2629461	5.349993	1
2188	2202211201	96639	99	409	5194	348704	32118	339	298539	1462.9	682.27	-3.0527108	1.4230766	0
2190	2110111021	13023	36	91	3446736	370751	26169	18	128005	1460.1	1173.3	-1.2063245	1.8497784	17
2195	2110212001	73593	84	74	16459	333240	589	0	30235	1468.1	1606.4	-0.40751752	5.2023654	7
2197	2110111110	14043	3909	552857	5	451404	23213	0	25285	1462.0	1898.4	-8.13324	-1.8904009	8
2204	2212211101	78132	1533	2	122	230287	976	0	80	1466.5	1702.2	-0.48221114	4.7067366	7
2206	2202211201	15364	94	131540	98	69305	145	0	91	1460.0	584.58	-2.942468	5.189068	1
2210	2212201001	175087	168	330182	79140	417224	1488	0	131	1471.3	1486.3	2.537451	3.2084463	4
2215	1212211221	70600	3538	150416	16	190407	14	0	409	1471.4	601.51	-1.7950342	5.217722	1
2219	1110101111	0	151	190102	0	179250	2905	0	579014	1474.2	248.02	-4.056169	-0.07776842	0
2221	2110211000	85829	5381	37916	130	246177	25	0	168	1473.0	1684.9	-0.29497072	4.83855	7
2228	2202001001	59106	1699	22201	3248	257550	2187	1687	5983	1476.4	574.92	-0.76163787	5.0043755	7
2229	2202211201	112474	6637	19	116	222306	4030	2	28501	1472.5	649.59	1.4704155	4.1175666	4
2230	1011101000	9253	10	0	1061973	243467	237	0	166312	1476.0	1237.8	-1.2471725	1.8980005	17
2231	1111101000	0	0	0	0	95155	0	0	1065	1468.4	1979.1	-3.0117757	5.1249437	1
2234	1111111000	533	10	250715	17	176756	71	101	340617	1475.6	334.63	-4.5793405	0.83698666	0
2235	1111111111	226613	16205	0	994	338488	57	0	109	1480.9	1435.7	5.359921	2.5248907	4
2236	2110211001	188522	15	0	152	435016	42032	0	46	1474.3	1782.6	3.678343	1.7115833	-1
2238	101011101	11414	66	542798	4	113004	3278	0	31043	1479.0	466.66	-7.9746003	-1.7368912	8
2239	1111111000	1116	1886	0	3290811	434135	260	226	532441	1490.4	1257.4	-1.1915481	1.8172259	17
2245	3013111133	16147	2990	617619	3202	152655	6013	2331	27698	1482.0	304.32	-8.040547	-1.8116989	8
2247	2110111111	21279	4981	239	148	231622	419	0	207268	1477.7	1917.4	-3.9293277	2.9892828	2
2249	1111111000	290176	22	80	40	407436	6910	0	59	1491.8	726.08	5.8543334	1.7467031	4
2251	1111111111	65446	3	0	106	240673	6	0	22	1482.7	1359.8	-0.75547516	4.7387266	7
2254	2110212001	298657	340	328452	41327	497442	5490	98	486	1487.1	1550.2	5.699835	1.8504161	4
2255	2110212001	161874	3762	6230	67	430509	23201	0	13633	1485.9	1755.3	3.0200934	2.2245686	4
2260	2110111021	326	713	74	2163306	226696	584	0	73109	1483.6	1189.7	-1.192448	1.8996922	17
2262	1000	49904	413	0	531	424894	1453	0	603232	1486.4	1060.8	-3.446164	-0.24553563	0
2263	2110111111	162958	43	2582	97	346871	7745	385	2568	1485.8	1885.1	4.112665	3.7013566	4
2264	2202211201	76269	641	0	5763	267370	5134	0	168769	1487.1	695.35	-2.3635123	3.0520031	2
2265	1111111000	55487	3952	0	35513	273125	4845	0	607	1484.6	1287.5	-0.5673585	5.1414456	7
2268	1111111111	81210	1403	0	336	422523	223	0	21	1495.8	1385.2	0.88529855	5.2297955	4
2269	2110212001	160044	1335	2377509	58979	678145	3087	0	577	1493.8	1518.1	-8.830725	-3.9958062	8
2271	2212211101	50576	190	0	46	413504	14348	0	1407	1488.0	1717.8	-0.9733275	3.9870474	3
2278	2202211200	57995	159	3347	9	130958	6486	0	391	1493.5	614.04	-1.6449394	4.6628113	1
2279	2110212001	181018	99	364	19488	296186	185	0	200	1495.4	1577.3	4.545411	3.9269443	4
2284	2110212011	45108	681	0	45	417666	6796	0	19	1497.4	1792.7	-0.38350612	5.8493853	3
2292	2110111111	73720	20	82	28	258969	2946	0	6596	1497.6	1911.5	-0.5175914	4.7458835	7
2296	1000	18113	2496	89	644	543589	1089	9	969026	1501.6	906.72	-2.9934747	-1.271854	0
2303	2202211201	112300	226	110	124	412449	9020	34	255579	1506.0	672.69	-2.4273374	2.6047852	2
2306	1111111000	33131	1086	32	128289	235493	3842	0	14847	1506.5	1279.0	-1.6287351	5.6613955	10
2314	2100001000	101532	0	1688	0	1426394	10463	134	52	1509.7	1844.1	3.8396456	-0.91042435	13
2317	2100001000	129057	19	7361	255	329129	500	0	5808	1511.0	1769.9	1.7595544	3.9727907	4
2318	1000	45204	1346	0	108	323286	1306	0	683750	1507.5	1026.0	-3.4293005	-0.54169226	0
2323	2110111000	146034	7011	33	101	540946	24441	0	192	1515.2	1880.1	3.049555	2.1175091	4
2327	2212211101	115386	17891	0	0	743184	21217	0	361	1514.4	1724.2	3.273431	1.7135688	4
2332	1111111111	74603	24	0	320	285540	8	0	38	1515.1	1309.9	-0.43496206	4.790839	7
2333	2102211101	252479	168	0	133507	418954	900	0	782	1519.1	1620.1	5.504567	2.723622	4
2334	1111111111	207210	164	0	81	409819	2	0	46411	1518.5	1986.4	4.971673	3.2277677	4
2336	1111111000	92352	64	20	86	405737	263	0	109	1524.7	1368.6	1.3003746	4.8197875	4
2341	2002211201	26257	149	169	205	72582	228	0	2023	1526.6	615.07	-2.6997197	5.001852	1
2343	2110212001	277163	94	800	7397	646397	504	0	206	1524.3	1548.5	5.492177	1.6373036	4
2352	2111111121	1524	4394	815775	138	281681	105	35	41	1523.8	2042.0	-8.2455435	-2.3627882	8
2354	2212211021	206189	28205	3273	152	1067466	1278	1328	1564441	1538.5	385.18	-2.8178294	-1.479198	0
2359	2212211101	164641	189697	4	583	836861	974	0	353	1531.0	1706.5	6.6495876	-2.766081	9
2361	122211101	524	54	6280	90	364333	136	0	301118	1530.4	2016.4	-4.1394176	1.0938334	0
2365	1111111111	115948	61	7	105	359645	308	0	88	1531.2	1343.7	1.7072167	4.2935915	4
2366	1111111100	155423	1465	0	479	598036	536	47	124	1536.7	1415.1	3.3938966	3.193752	4
2367	1000	30922	3899	16	5251	495336	527	6	644708	1534.6	1070.8	-3.327133	-0.56651455	0
2368	2212211101	62862	22	0	256	613765	534	4705	169222	1537.9	1660.7	-2.7291915	2.3140392	2
2370	2202211201	66	13443	39	319413	883076	1082	104	326240	1539.4	1099.2	-2.0227928	1.6969737	2
2372	111111111	106344	30	0	635	408423	295	0	18149	1540.8	1459.6	1.545332	4.7091756	4
2373	2212211101	187936	471	25	4228	475271	1845	0	136488	1540.7	1570.3	2.8344355	3.3993955	4
2374	2110111000	58518	0	6	19	335517	930	0	29	1537.8	1808.9	-0.3957102	5.1917343	7
2375	2110101000	80350	55	150	102	290893	298	0	133	1537.4	1776.8	-0.4116466	4.7679443	7
2377	1000	209739	5	79	1	263906	116	0	16	1546.0	504.67	5.12648	3.6120348	4
2382	2212211101	262603	1155	33	25027	494759	5462	9	111416	1548.6	1598.1	5.6525817	2.515703	4
2388	2110101000	147454	1	0	3	509518	12169	0	12625	1544.7	1913.6	3.0810776	3.022671	4
2395	2222211021	109	1631	1093001	691	359166	1923	0	51738	1551.9	319.35	-8.176186	-2.7143407	8
2396	2001001000	327458	4480	167	96	178819	70	295	23955	1549.0	443.51	5.9152346	1.620095	4
2398	1000	49218	322	612	102	596420	1048	0	561590	1550.3	956.12	-3.3065448	0.05782871	0
2402	2222211021	20440	2521	297572	115	457614	903	8	322926	1555.4	348.57	-4.405276	0.911251	0
2405	2202211101	63659	2518	118	281	454923	197	0	193719	1555.2	1285.6	-2.9246204	2.5130277	2
2412	2110111111	159908	4	434	105	1064270	193904	9862	64575	1559.0	1752.4	4.1027794	1.0403886	4
2414	1000	693995	20032	212	673	760369	8084	23	94128	1567.8	415.39	5.1592035	0.6785716	4
2419	1000	521921	19879	485	230	534585	11103	0	910	1569.6	462.99	5.2804227	0.8136623	4
2422	2212211101	118876	9	0	235	373523	1641	0	25523	1562.3	1651.9	1.7658974	4.2702785	4
2425	2111212211	650662	1680	15	1794	823007	126553	0	2639	1574.2	1517.6	4.303783	1.080311	4
2426	2110111111	15318	3253	0	0	199619	6941	0	2	1559.5	1998.8	-2.185428	5.5700197	1
2427	2000001000	78526	0	24	44	276085	88	0	72	1567.2	561.87	-0.43312252	4.703547	7
2428	1000	30474	33	43	17	1701290	8	17	48	1565.0	591.45	4.401813	-1.7796215	9
2430	2110111100	95763	87	27483	140	420183	1521	0	7336	1566.1	1837.6	1.4091216	4.832298	4
2431	2111111111	18990	43	119474	48	312384	1889	499	395722	1562.1	1881.2	-4.2768517	0.80491525	0
2433	2111111111	18874	493	0	19	880441	6905	0	0	1565.3	1977.8	1.9344432	7.6257515	12
2434	1111001000	45045	17	5	69	523159	136	0	6271	1570.8	1264.0	0.7015646	6.4256973	12
2438	1111001000	52686	12785	11519	787	388989	348	0	326838	1576.4	1230.6	-3.2589586	1.7976247	2
2444	1111201000	174779	376	84251	51554	500765	2417	0	60754	1572.7	1182.8	3.0715225	3.4116116	4
2445	1111011111	129496	1170	0	99	417692	36628	0	29	1573.0	1940.5	3.0651488	2.124251	4
2446	2222211021	1688	7	980650	420	306844	7736	590	146164	1573.5	310.07	-7.912644	-2.5815718	8
2447	2102211000	20470	2000	0	2136	357138	4397	0	374076	1577.3	1465.1	-3.8275068	0.8456079	0
2448	1000	3453	151	25	125	732846	5177	88	446124	1569.9	959.97	-3.2714467	0.30463213	0
2450	10001000	253809	76	168	537	498649	89	0	155	1580.8	517.5	5.5879207	2.166906	4
2451	2222211021	50823	87	231502	12	451623	2751	34	857397	1579.1	277.72	-3.1191092	-1.1074523	0
2452	2110111000	246345	111	3972	165	759864	2948	123	18987	1581.8	1817.2	5.048738	1.7230679	4
2454	1110001000	114301	14056	0	210	360116	164	0	302	1582.1	1347.8	2.6403105	4.4925923	4
2455	2212211111	184130	5502	10	410	597726	1935	81	383	1585.0	1628.8	3.6425202	2.9653451	4
2460	1111001000	123313	6574	56	265	491530	375	0	73	1582.9	1314.4	2.7767823	4.2616196	4
2461	2212211101	109017	121	85	115	354576	2303	0	41583	1582.4	1667.9	1.5636097	4.3824368	4
2462	1111201000	138318	1308	71782	783	325044	1437	0	41908	1586.6	1205.7	1.8745787	3.968298	4
2464	2212211131	108044	171	200	14317	332331	1677	171	638	1581.7	1595.3	1.4293348	4.224856	4
2467	2110111111	59019	0	0	28	163275	221	0	37	1578.0	2023.7	-1.6477202	4.7582364	1
2470	2111111101	94180	126	32149	73	2313392	864	111	3564	1585.8	1909.3	5.656349	-2.3061361	9
2471	2110111100	15602	312	40	1566	487518	1580	0	398	1591.3	1561.4	-0.606327	7.2839494	10
2474	2000001000	238982	318	114	18	157876	55	0	119	1587.9	433.8	5.3131294	3.4768808	4
2482	2110111111	17273	20572	82	272	691359	579365	410037	646246	1594.9	1761.1	4.080418	1.021031	4
2483	2110111111	36505	2	0	65	119424	47	0	0	1588.6	2038.5	-2.3216548	4.9724927	1
2485	2222211021	3520	174	29482	5	149555	131	0	259684	1593.2	322.32	-4.663261	1.624722	0
2487	1111101000	120610	5	279	363	717025	221	0	569	1597.7	1284.7	2.2872593	5.7935233	-1
2489	1111111000	71619	271	0	105	551742	1363	10614	234358	1603.9	1794.1	-2.827916	2.3144853	2
2495	2222211021	50134	105	62	17	176864	132	0	251757	1599.2	385.16	-4.0133452	2.8807042	2
2496	1110001000	1005	23651	132	1174	1733227	1411	351	573890	1606.9	1045.9	4.1774063	-1.7738521	9
2498	1000	443640	1233	49	205	411735	3422	724	453	1611.5	419.6	5.498708	0.99387467	4
2500	2222211021	19991	13	110776	40	316138	3815	0	392896	1605.2	261.15	-4.2412577	0.7946978	0
2502	2212211101	114893	1390	232	1810	716790	25224	51	2182	1605.9	1660.0	3.0632448	2.1016262	4
2505	1111101000	45107	33	51	155	228844	22	0	76	1602.7	1336.7	-2.0921667	5.197694	1
2510	1000	29659	18	639	168	406784	208	81	84	1613.7	515.6	-1.1272112	6.8333173	10
2512	1110001000	247316	3081	23	497	368350	767	0	67720	1617.8	1239.1	5.5713334	2.846953	4
2517	1000	52315	0	99	144	83721	2742	22	246	1621.4	540.89	-1.7332463	4.6713843	1
2521	2222211021	11361	15467	211745	124	317484	228	0	697622	1620.4	308.79	-3.346041	-0.7670329	0
2522	1000	379084	3033	0	43	311352	86532	0	135228	1624.1	456.87	4.257855	1.2058308	4
2524	1111201000	56536	1181	0	94	967974	666	0	69	1623.6	1328.0	2.575297	-0.37025866	13
2527	1111001000	283526	4660	0	359	877291	618	0	44021	1636.9	1359.2	5.1150165	1.1824998	4
2528	2110111111	123297	130	20	200	520807	264	0	169	1625.6	1698.3	2.720434	4.272597	4
2529	2222211021	1184	5251	894811	30	281959	4066	0	21338	1625.2	242.02	-8.193116	-2.5166762	8
2530	2222211021	11275	4301	200791	72	326378	110	7164	494081	1626.2	382.55	-4.335057	0.35900423	0
2531	2110111111	483921	4282	340	807	647687	31545	107	197661	1632.5	1505.6	4.7225866	1.043937	4
2532	2110111111	139510	1714	506	561	656965	14288	14739	104165	1626.9	1750.7	3.0906405	2.5768878	4
2533	1111101000	135623	128	140	557	3304379	547	220	2768	1633.2	1301.0	6.6218963	-2.7800474	9
2536	2212211100	21674	43	46	647	395137	66	0	188473	1630.8	1268.8	-3.7379606	3.0579598	2
2537	1112211000	95040	6748	0	736	432473	214	0	3788	1630.7	1434.9	1.9887447	5.396248	5
2538	1110111000	37847	42	258	237	170903	374	0	43	1627.0	1468.5	-2.2708972	5.0713687	1
2542	2222211021	33875	0	35850	105	305446	404	0	558295	1637.5	278.18	-3.868339	-0.08653561	0
2543	2222211021	40074	257	34147	0	302287	7432	0	325447	1635.1	336.2	-3.7001467	1.2811056	0
2544	1111001000	217590	329	219	598	463884	389	36	376	1637.7	1214.7	5.2215853	2.9724722	4
2545	1111111111	79680	7236	2475	478	1013436	2093	1062	442187	1640.7	1802.5	-2.5244172	1.1658194	6
2546	2110111111	158736	469	2850	742	619103	984	747982	681	1639.6	1721.9	-0.18317391	6.526848	11
2551	2110011000	354033	1672	267005	556	416601	4414	0	237	1645.9	1565.5	5.8132834	1.3978379	4
2552	1111111100	14793	95473	1241843	377	534773	206483	0	11855	1642.0	1880.0	4.0865774	1.075914	4
2554	2111111111	122230	4	98305	477	541808	14891	0	759	1643.3	1671.6	2.518398	2.9994974	4
2558	1111001011	24247	1646	0	143	303670	3625	0	288370	1647.7	2013.7	-3.95405	1.3840305	0
2560	2222211021	50	789	699669	20	299753	1929	0	235758	1646.3	313.26	-7.6647015	-2.2497702	8
2561	2222211021	22079	61	647906	11	275545	2521	0	43617	1648.0	222.09	-8.0080185	-1.8388983	8
2564	1110001000	293711	855	516	416	823367	444	62	25095	1656.3	1256.4	5.2320337	1.2495329	4
2565	2222211021	55885	2954	876	158	277490	7788	18131	384429	1655.9	402.02	-3.609784	0.9930449	0
2570	2222211021	89061	418	39	158	318060	4366	0	688319	1663.4	461.56	-3.4318564	-0.3064854	0
2571	2110101110	212035	2690	114	350	474865	500	825223	3850	1658.6	1748.8	-0.16719078	6.523146	11
2572	1111111000	15913	9936	0	134431	217321	4751	0	25858	1655.4	1960.7	-1.406288	5.946235	10
2575	222011221	11292	28442	8952	24	588962	56238	0	1170530	1669.3	329.3	-2.7940867	-1.425156	0
2577	1111101000	19152	16	0	99	248386	154	0	3270	1663.7	1297.7	-2.5092425	5.695265	1
2580	1111001000	210726	59	501	622	462195	273	151	236	1669.5	1228.6	5.20481	2.975362	4
2583	2222211021	47839	1027	81327	76	229599	8	0	208199	1667.8	224.81	-3.982525	2.9692304	2
2585	1111111111	17496	3160	0	14	906086	21	0	126821	1672.3	1793.5	1.8586848	7.682167	12
2586	1110111101	150824	31	74	70946	530217	120	0	91232	1678.9	1989.3	2.798417	3.7973623	4
2588	2110001000	241271	1032	632488	7732	357569	975	0	80	1674.1	1666.2	2.5087276	3.083234	4
2590	2222211021	125389	1559	1373	140	349194	141	207	239791	1680.4	409.94	-2.44459	2.8339171	2
2591	2222211021	46124	0	283148	0	292350	541	0	246071	1682.0	240.64	-3.7787523	3.0447562	2
2595	1110001000	205708	25	22	405	481496	294	0	623	1683.2	1283.4	5.134438	3.045519	4
2597	1111101000	43193	40	0	206	1455915	439	0	12386	1685.6	1347.4	3.6268024	-1.3849648	13
2598	1111201000	55061	7136	1015784	544	1121556	736	0	2947	1685.9	1843.5	-8.44446	-3.0347815	8
2599	1111121202	42011	811	1717089	845	563975	3140	0	8615	1686.8	1888.3	-8.756602	-3.688826	8
2601	2022211021	74261	0	257746	0	227246	4836	0	163555	1687.8	268.98	-2.6814804	3.6210263	3
2608	2110111111	180094	83	5360	203	266935	243078	0	173	1693.2	1627.2	4.110626	1.0167845	4
2609	1111111111	71026	0	0	100	345321	69	0	226	1697.2	1372.0	-0.23972663	5.198854	7
2610	2110311100	90112	1512	159639	614	197054	470	553	130856	1691.9	1679.8	-1.7708691	4.23385	3
2611	2110111111	321	109	241105	338	274672	107	29037	41505	1695.2	1742.4	-2.7952156	5.5024858	1
2615	2222211021	1231	240	14965	21	218405	1930	0	373950	1703.3	338.28	-4.3049874	0.79957443	0
2617	1111001000	109977	30	0	110	371029	102	0	338	1703.9	1310.7	1.6568706	4.4439807	4
2620	2222211021	33224	268	528303	168	253105	92	0	79296	1705.8	253.48	-7.9322233	-1.7494738	8
2623	2222211021	28388	3948	186231	80	181984	2656	3	379912	1707.6	424.57	-4.393076	0.9449685	0
2624	111101100	39580	86	327104	13975	1952044	3229	165253	1209	1710.0	1854.5	4.640249	-1.92717	9
2625	2222201000	68966	781	0	40	451400	123	0	786431	1711.9	284.83	-3.2647245	-0.7872713	0
2628	2222211021	48049	116	75356	124	216529	8394	3197	453876	1709.9	313.71	-3.8109272	0.80121	0
2630	2222211021	42951	3	617614	44	214102	149	0	168080	1709.9	396.23	-7.921751	-1.8260065	8
2631	1111111222	60857	987	0	877	416015	367	0	576040	1710.8	1767.8	-3.422998	-0.061993554	0
2632	1111111000	2060	48	178176	6734	310095	809	0	105108	1713.7	1979.3	-3.8698528	3.5037117	2
2633	2222211021	57195	82	411383	192	285170	5815	11	173731	1710.5	229.53	-3.102611	3.4155374	2
2634	2110111110	84406	6445	1942071	594	631200	909	0	333	1717.9	1520.2	-8.694569	-3.7360854	8
2635	1111101000	101058	1749	0	516	629549	567	0	198	1722.6	1288.7	2.1572351	5.773363	-1
2636	2111111111	379858	927	361696	4765	620909	3233	185	894398	1718.5	1680.9	-2.7351158	1.0122745	6
2641	2110111111	127744	90	139278	1230	217720	252	0	2419	1722.0	1706.6	1.0118234	3.8060138	4
2645	2110101111	614322	1	58282	714	224416	89725	22	198	1724.7	1643.8	4.454337	1.0629239	4
2646	2222211021	2236	68	2746915	195	380001	6400	49	199426	1733.0	329.6	-8.892491	-4.633705	8
2651	1111001000	3926	175	1227	2238	424610	923	256616	464034	1732.7	1823.8	-4.0847983	0.38001725	0
2659	2222211021	0	7270	1272528	139	273732	331	144	65264	1735.0	397.84	-8.260821	-2.8619394	8
2660	2222211021	32728	0	235542	39	466863	185	0	752033	1743.2	301.17	-3.330658	-0.8317785	0
2662	1111111010	6715	44580	3700	1128	454817	7597	5103989	2143	1743.6	1857.1	-0.17508665	6.499131	11
2664	2222211021	322552	10203	116252	83	514652	4319	0	153365	1741.3	209.61	5.3703127	1.6086736	4
2666	1000001000	147924	3803	1883464	21703	611257	2008	0	52475	1757.0	1666.6	-8.651098	-3.533222	8
2668	1111111111	97596	13988	0	219	327391	2822	0	55625	1755.2	1983.7	1.9140176	5.362076	5
2671	1111111111	165499	205424	0	17	427161	18705	0	10989	1754.2	2034.2	6.6065884	-2.753341	9
2673	2110111111	345790	1404	51	849	509495	7115	0	5312	1757.2	1598.4	5.7031107	1.2289511	4
2674	2222211021	158	215	1076477	254	363573	5705	0	174031	1755.7	366.3	-7.8400497	-2.5914247	8
2676	2222211021	563	387	935380	313	189845	617	0	7030	1758.2	432.05	-8.283234	-2.4164922	8
2677	1111111000	21257	115	25870	504	168323	542	0	422	1759.2	1932.8	-2.6201675	5.322502	1
2682	2222211021	285	6568	1546303	1	351128	99	0	14688	1762.6	328.35	-8.775898	-3.640626	8
2683	1111011100	219	234	2617	2785008	372664	1983	356343	41524	1765.3	1742.0	-1.1492288	1.9328963	17
2685	2000001000	683942	104829	383495	4541	1051653	18870	95	7745	1769.1	215.83	5.151358	0.24255887	14
2687	1111011000	20639	69884	0	436	265539	17714	0	4041	1769.3	1953.7	2.8728428	-0.5537916	13
2690	1111111000	211561	220	759805	2109	473630	12288	0	33364	1777.4	1636.2	2.4604235	2.9847984	-1
2692	1111111101	104762	83	35	253	311790	1137	0	141	1777.8	1458.7	1.4135956	4.2037344	4
2695	1111111111	23006	11678	3479	16414	749503	2964	18242	237095	1778.7	1821.6	-2.369592	1.8141949	2
2697	1111111111	25833	1732	0	244	472986	742	0	612491	1786.6	1997.5	-3.3813474	-0.48600218	0
2698	2222211021	142	208	1699310	132	267641	706	13	5621	1782.3	416.25	-8.905014	-3.7995033	8
2700	2222011001	64562	10722	0	112	616785	467	0	135279	1781.1	2030.2	1.1963328	7.532301	12
2703	2222211021	6297	311	1898702	14	354428	90	343	16823	1788.0	383.9	-8.918699	-3.9238853	8
2705	2220211021	37133	0	71670	25	243167	191	0	333498	1787.4	315.16	-4.363991	1.2837913	0
2706	2222211021	845	1825	609456	349	185884	11465	0	31820	1793.2	338.67	-8.030962	-1.8644494	8
2708	2222211021	0	0	647828	0	159403	298	0	200782	1794.0	439.91	-7.760933	-2.1323724	8
2709	1111111111	172046	1245	17	219	510467	6970	0	196	1792.4	1405.8	3.6351032	3.100151	4
2711	1111111101	1037	2452	32330	634465	720338	895	228242	480089	1794.7	1764.6	-1.509282	1.8439543	17
2716	1111111111	250538	198	0	72	331408	485	0	5	1802.4	1507.6	5.7637177	2.8788006	4
2720	1101111111	133731	18659	42	339	469725	8262	0	23555	1816.7	1945.1	3.408297	2.677552	4
2724	2222211021	10323	9	33702	15	128278	25	0	206914	1815.5	357.35	-4.4453177	2.5982618	2
2725	2222211021	55770	61	1582612	86	364357	12749	31	524335	1814.5	408.37	-7.6737647	-2.5701315	8
2727	1111111111	220693	2344	1672388	264548	655930	1350	9	202969	1820.3	1642.2	-8.557989	-3.2199738	8
2729	1111011000	15202	9554	1511549	2079	419673	2369	0	704411	1813.6	1613.6	-7.640698	-2.455702	8
2730	1111111111	7857	229	509	953694	536182	893	8270	177911	1810.6	1784.4	-1.2644482	1.8837018	17
2731	2222011001	79790	95117	0	138	590991	318	0	2217	1816.4	2022.4	4.934008	-1.774807	9
2733	2222211021	38011	5527	32312	55	231517	8812	0	203022	1816.0	382.4	-3.477146	2.7279835	2
2735	1111111111	7475	220	13726	1706149	320164	740	0	996	1820.8	1673.6	-1.2251488	1.9242828	17
2737	1111101000	189865	129	0	209	453102	7675	0	374	1823.5	1406.8	4.1947837	3.25707	4
2739	2222011001	90645	62932	0	92	606244	55	0	781	1823.9	2000.7	3.6731086	-1.1254697	13
2742	1111111011	222660	1185	153	731	498779	5152	0	740	1832.5	1563.7	5.3820586	2.733638	4
2744	1111111100	10877	1909	0	1343446	346390	356	0	50299	1825.5	1765.1	-1.2097526	1.9147037	17
2756	1121011201	203875	265	21	423895	275529	1197	0	4111	1843.7	1743.9	2.9537723	3.6328902	4
2758	2000001021	45249	21448	534	698	516094	634	0	39592	1852.6	1604.8	1.4758822	7.4070463	12
2763	1000001000	54138	136	1948295	43	410471	1453	0	37467	1855.6	359.64	-8.895958	-3.8333497	8
2765	1121011201	87972	891	0	20597	134999	14500	0	128	1853.7	1769.6	1.2274443	3.5099485	4
2771	1111111000	167652	305	136	668	260016	456	0	406	1865.6	1414.5	4.554128	3.9395742	4
2775	2000001000	59508	130	39940	56	222404	401	0	37966	1880.3	338.62	-1.9812329	5.1191916	1
2777	1111111101	170898	128	0	524	412987	352	0	118	1877.9	1524.0	4.0266886	3.7377024	4
2781	1121011201	65098	73	0	129	361279	66	1883	62692	1877.2	1640.6	-0.9381851	5.9414	3
2782	1111111100	100649	0	17752	130	108257	43	0	298	1881.6	1916.5	0.26378384	4.0348825	4
2784	2222211021	22559	0	2719	4	228078	90	0	100601	1884.0	363.74	-3.9793453	3.5650752	2
2786	1121111201	454402	6641	99	600	772196	827	0	98686	1897.0	1402.1	5.322104	0.85096264	4
2787	1111111000	298757	3652	38	347	495965	1905	0	287	1892.3	1586.5	5.789441	1.5833572	4
2793	1121011201	85054	2656	0	983	1388563	504	102	717	1899.9	1646.7	3.7094374	-1.121037	13
2795	220113201	35	137	3002470	13	234178	110	33366	4	1912.2	320.02	-8.910608	-4.6857514	8
2797	1111111111	346487	37959	12	1303	1081430	13244	0	140	1924.5	1607.2	5.0044146	0.14770506	14
2798	2222211021	7539	5392	926416	76	267357	312	0	374390	1934.8	429.8	-7.650777	-2.3539069	8
2799	1110111100	18080	299	261	406	388831	513	167	29985	1932.6	1412.1	-1.2947924	7.0723395	10
2800	1121011201	151136	10619	1072	301	482908	1274	230	218	1938.9	1626.8	3.422589	3.228056	4
2801	120012001	8160	149	382	279	106535	471	4	248848	1932.2	1862.2	-4.603094	1.9882227	0
2803	1121011201	138247	11230	3	177	364664	4252	0	40600	1950.4	1312.8	2.829503	3.7264922	4
2804	1110001000	17072	63	0	424	362245	5616	0	80266	1953.8	1246.2	-3.7981114	3.5300097	2
2805	2222211021	206425	5074	1236880	97	379582	53	0	17769	1953.8	510.39	-8.511619	-2.9290304	8
2806	120012001	18132	234	0	814	127993	465	0	223589	1948.8	1864.3	-4.447821	2.575926	2
2807	2222211021	4222	2672	1269169	168	384051	211	0	188588	1963.6	473.79	-7.913702	-2.7077162	8
2808	122111201	237216	890	131	473	366376	6614	0	153	1959.5	1583.2	5.740727	2.6758058	4
2811	2222211021	2737	46	284327	106	167602	186	14866	387558	1962.8	428.58	-4.5809255	0.7096495	0
2814	2112101101	99234	131	0	74	752271	54	0	107	1967.5	1462.9	2.1974192	5.97302	-1
2816	2222211021	0	2063	1805061	120	290129	539	7	106071	1977.7	447.73	-8.898932	-3.8631408	8
2819	1111111100	92829	713	21	76	157414	443	0	0	1972.6	1677.7	0.17744735	4.0881257	4
2820	1011111100	156499	19888	5	201	118330	190	0	2448	1973.7	1654.3	3.6345358	4.00457	4
2821	1111111000	21357	2768	1918	127	201798	40935	0	363851	1981.5	1320.2	-3.2009807	1.3007925	0
2823	2120111201	159919	151	151500	123	125747	269	0	8818	1987.7	518.95	1.1050835	3.456574	4
2824	1101011000	140660	135	27	256	163177	222	0	308	1978.1	1695.2	1.076369	3.4408758	4
2827	1111111000	23851	443	58	159	180405	54	3	497560	1987.0	1293.3	-4.065726	0.04295809	0
2836	1111111111	172001	4014	0	362	180426	5252	0	218	1999.6	1703.3	4.594026	3.9466624	4
2837	1111111111	155707	81	0	368	352304	1807	0	53	2001.8	1653.0	3.813792	3.9068396	4
2838	1111111000	100284	2225	151	289	549324	994	195	604824	1999.3	1362.7	-3.0628417	0.38316196	0
2841	2222211021	0	6133	80064	111	258133	221	0	688711	2005.2	468.7	-3.428707	-0.7179813	0
2849	1100111120	78812	6908	0	94	204082	23059	0	270468	2016.6	1285.5	-3.0805202	1.4453145	0
2850	1111111100	11813	6535	0	179	643367	4226	8	613569	2017.0	1399.2	-3.2219253	-0.6209562	0
2852	1111111000	27263	59	0	152	285108	19825	0	289053	2020.4	1332.3	-3.3499384	1.293027	0
2855	1111111100	25742	11	0	60	419433	7024	0	394962	2021.5	1443.1	-3.747984	0.8028052	0
2858	1111011100	7834	161	0	413	512630	8818	85	258961	2023.3	1360.9	-3.6552737	1.3319595	0
2860	1121011201	132398	54	178	313	190121	327	0	49386	2028.7	1161.3	1.129883	3.6517472	4
2863	1111111030	86779	0	0	13	131685	50713	0	113091	2031.4	1491.5	-3.0059297	1.3441061	0
2864	1010111021	123089	127	772	22	165086	9567	46	128	2028.6	1630.4	1.0496079	3.329451	4
2869	1111111110	13	2757	8	128	150723	654	0	458352	2038.2	1301.9	-4.1381884	0.15426467	0
2870	1111111000	23799	9	0	6	81201	0	0	93710	2037.1	1468.3	-3.3392508	4.7660575	1
2873	1111111100	59	5172	0	143	182862	469	0	495745	2038.0	1408.9	-4.0876694	0.061973304	0
2874	1111111100	25372	2957	147	88	173482	2338	103	183543	2039.9	1258.0	-4.087223	2.9687998	2
2875	1111111110	1174	112	135	72	115628	58183	116	177360	2040.9	1354.0	-3.136122	1.376401	0
2876	1111111110	6722	3	577	13	93768	683	0	221877	2040.7	1443.8	-4.510333	2.447858	2
2878	1111111100	32	0	0	76	40807	5	0	106129	2046.5	1276.6	-3.4459233	4.6409316	1
2879	1001001000	244	5	0	0	8613	5365	0	50709	2046.1	1331.4	-3.298504	4.8059435	1
2880	1111111100	28104	14595	367	3070	265907	5604	28	366282	2045.8	1638.4	-3.6549666	0.97391117	0
