,cell_id,Barcode,ChAT,fru,Gad1,SerT,sNPF,tbh,Ple,VGlut,x,y,umap_1,umap_2,clust_label,clone_id
2,41,2010011221,32181,802,170048,4,287953,11384,0,149023,39.047,145.04,8.299558,-3.5774944,0,2
3,43,2010011221,64339,103,52446,32,142172,828,14159,21459,38.691,1102.3,2.056264,1.5038784,1,2
22,135,2200211200,101616,244,831,270,339706,670,56,490,283.84,1187.1,0.20432907,1.3977361,1,9
23,146,2010012221,29097,89,1995,110,286774,446,120,116781,308.82,1088.0,8.493216,-3.8964067,0,3
26,153,2200211200,12565,1,0,19,241207,3659,0,255,325.6,1291.8,3.1296413,0.93139964,2,9
27,166,2200211200,253143,4512,1362,401,487443,6838,49,1185,341.49,1197.2,-2.7915466,1.8469863,1,9
30,170,2010012221,37064,1253,17860,833,370170,14243,0,300207,350.19,1055.7,9.375024,-2.3630805,0,3
31,171,2010012221,73344,9970,2406,412,325832,506,14,475648,345.25,1072.7,9.879768,-1.7651843,0,3
35,186,2010012221,120077,33831,1441,240,364783,892,0,538291,364.08,1081.1,9.98002,-1.854784,0,3
36,187,2200211200,139070,11,37,179,676563,2616,45,554,360.19,1255.3,-1.0011613,0.5381877,1,9
46,208,2120212020,78289,0,179,38,233473,228,0,833,395.51,1287.2,1.4549818,1.5209156,1,15
47,209,2120212020,108363,1004,74,347,497948,1069,4738,1426,397.17,1207.3,0.050856527,0.9500432,1,15
48,213,2010011221,81124,1942,1180,192,257256,13937,0,445,408.23,1016.9,0.58561426,1.5118506,1,2
50,216,122011221,78462,131172,796,394,1926609,622,2435,1708,411.3,1376.1,-5.3202825,-1.7829113,3,20
51,219,2200211200,168052,473,98,185,2338546,1506,4296,2876,416.66,1321.2,-4.4535203,-1.6747965,3,9
55,225,2120212020,110623,161,313,285,410039,8673,213,6510,415.78,1346.7,-0.091275275,1.2571851,1,15
56,228,2120212020,230977,0,268,49,361828,2892,29182,1802,415.79,1219.8,-2.22504,2.0439575,1,15
60,239,2120212020,140466,10564,20,755,673717,5480,0,24269,440.59,1366.3,-1.088664,0.38737613,1,15
61,241,122011221,32342,9059,17,101,249750,112,0,800,437.32,1415.2,2.4876633,0.36002728,2,20
65,250,2200211200,235754,133,592,331,331636,1336,288,2333,448.85,1181.4,-2.1097877,2.0417624,1,9
66,251,2120212020,54791,5400,502,156,423060,6131,0,1082,447.08,1259.2,0.8787844,-0.76930267,4,15
67,252,2200211200,106948,246,555,225,4024643,191,13930,5489,451.09,1325.1,-5.439673,-1.6719825,3,9
68,253,2010012221,35108,8,13263,171,489151,3507,108,319409,457.17,1096.1,9.296882,-2.3899512,0,3
69,255,122011221,150326,3225,30,101,540119,1327,0,1008,454.94,1395.0,-0.96493673,0.9547325,1,20
70,259,2120212020,95477,56,236,212,398044,3031,27,5724,462.96,1359.9,0.39536288,1.2696695,1,15
71,260,122011221,40065,6124,338,1557,574598,1728,0,768,463.25,1423.9,0.93408823,-1.8413395,4,20
75,270,2200211200,133656,17796,5951,16783,592357,27741,24152,5930,479.8,1194.7,-1.3299519,0.62585133,1,9
77,273,122011221,100390,1184,157,618,369144,10534,24,793,479.23,1378.7,0.32199872,1.3475281,1,20
78,276,122011221,30869,6821,317,146,391080,313,0,202,477.82,1471.2,2.606542,-0.21466838,2,20
81,280,122011221,52441,15967,24,75,369313,426,17,305,483.9,1446.8,1.010553,-1.1409107,4,20
85,288,122011221,70448,86723,0,9,845164,264,386,238,493.39,1498.1,-3.5286074,-2.3004267,3,20
86,293,122011221,65711,8944,111,426,1212024,4151,508,381,502.17,1470.8,-2.083574,-3.1367135,4,20
87,297,2120212020,50443,54,0,243,441643,706,0,233586,516.94,1298.2,8.804782,-3.2847905,0,15
89,301,122011221,30939,59495,1311,212,1120167,392,3563,2803,514.52,1515.5,-3.4560726,-2.5032008,3,20
90,303,122011221,65629,11454,0,209,836950,388,0,474,519.15,1451.3,-0.7568464,-3.5668457,4,20
91,304,122011221,26857,18136,81,119,504512,546,309,188,516.34,1493.7,1.0347314,-2.604273,4,20
92,308,122011221,55078,2869,30,291,733048,17266,0,72513,522.0,1425.9,0.673256,-3.194803,4,20
93,316,122011221,19676,1024,0,143,532629,776,74,1419,530.71,1467.6,1.9910115,-2.1525106,4,20
95,320,122011221,38929,11804,75,50,880704,1299,17,149,542.84,1496.7,-0.7369254,-3.4622967,4,20
96,322,122011221,7099,5257,4,57,534331,1428,0,180,542.89,1476.4,1.8572695,-2.293067,4,20
98,324,122011221,40557,432,333,42,684449,601,0,77964,545.09,1436.7,1.0664595,-2.9440234,4,20
99,326,2120212020,91793,114,742,268,302764,14083,27,154704,546.12,1323.4,8.252087,-2.964609,0,15
101,328,122011221,72486,63592,147,325,1201420,587,1452,5646,552.34,1521.5,-3.8387287,-2.1379452,3,20
102,331,122011221,17215,37294,0,211,688713,206,352,1228,556.11,1552.0,-1.3296809,-3.3667545,4,20
103,332,122011221,49645,65,0,147,874788,352,0,19491,558.71,1452.3,-0.047261383,-3.2953482,4,20
104,339,122212201,14077,435,2889577,678,655409,2811,1908,111064,564.69,1086.7,4.178633,-5.3168426,5,16
105,342,122011221,17691,29,13,46,602556,246,994,177,564.83,1481.0,1.7931685,-2.2767453,4,20
106,343,122011221,68040,4092,0,228,757285,27634,22,135719,563.51,1406.1,0.7854601,-3.3333042,4,20
108,347,122011221,38008,11374,0,47,702495,1184,0,465,568.11,1503.3,0.1506137,-3.0179057,4,20
110,353,122011221,10610,13,4,149,377951,230,0,2190,574.62,1461.7,3.034995,-0.31386343,2,20
111,354,122011221,53155,331,51,247,690760,1314,100,21235,577.08,1429.0,0.7553189,-2.04042,4,20
112,356,122011221,51408,9199,0,305,376191,1329,0,953,577.38,1537.6,1.0589908,-0.890921,4,20
113,361,122212201,10607,14788,1952155,385,324928,771,1691,671,581.66,1059.8,4.714464,-4.9430685,5,16
114,366,122011221,99310,17297,147,88,909292,982,37,10739,586.71,1394.4,-1.1171774,-3.4060311,4,20
115,367,122011221,14660,134,12,159,615246,465,13942,2218,589.1,1471.7,1.7143427,-2.3292904,4,20
116,368,122011221,42775,713,0,7,683568,506,49,331,588.24,1512.3,0.7905306,-2.1333988,4,20
117,370,122011221,16208,275,0,46,365545,419,5223,45,589.83,1489.5,3.0161614,-0.1775356,2,20
118,379,122212201,6369,1827,1937442,401,339838,614,991,94,599.58,1039.2,4.74696,-4.8987913,5,16
119,380,122011221,30988,1250,0,303,840479,1152,79,58867,604.1,1441.1,0.38718507,-3.230951,4,20
120,382,122011221,29079,3742,74,64,795887,1957,0,55314,603.08,1375.6,0.4625581,-3.1632037,4,20
122,387,122011221,58296,20615,0,1,424769,249,0,1299,598.82,1537.3,0.8580617,-1.590894,4,20
124,390,122011221,27031,242,0,188,568946,480,12301,34707,610.71,1464.2,1.9596679,-2.1967657,4,20
125,391,122011221,6357,244,0,76,380035,676,1502,86,607.22,1498.6,3.1417542,-0.25859407,2,20
127,399,122011221,7186,81,8,205,297832,190,59837,513,614.28,1482.2,3.2929451,0.07667054,2,20
128,400,122011221,5132,949,0,1817,410644,295,0,112,611.64,1514.8,3.0543087,-0.47951445,2,20
129,401,122011221,56905,11849,0,0,490430,257,35,10341,616.88,1549.6,0.9001227,-1.434345,4,20
130,402,122011221,63737,149,0,745,904864,705,0,27440,620.78,1394.5,-0.28131896,-3.4073863,4,20
131,403,122011221,23951,8146,45,1107,608491,2098,268,189763,620.15,1575.9,8.454464,-3.3345222,0,20
133,407,122212201,7112,4913,2293234,144,437791,2092,840,3220,620.5,1077.1,4.510486,-5.197864,5,16
134,409,122011221,19197,1382,0,3077,394929,17,0,838,618.89,1530.5,2.8051426,-0.24968317,2,20
136,412,122011221,28820,2547,82,190,695644,968,0,50610,626.69,1362.7,0.9952492,-2.8879333,4,20
137,414,122011221,13164,138,59,251,563768,719,149,27168,623.65,1419.9,1.880178,-2.2994528,4,20
139,423,122011221,21780,3333,0,79,637291,236,2422,459,626.43,1496.9,1.326161,-2.4852798,4,20
140,426,122011221,68696,16864,152,448,1451534,669,65,38981,642.82,1451.3,-3.1582253,-2.5370357,3,20
142,431,122011221,7236,2709,0,0,310765,45,14158,1178,633.56,1474.2,3.1929002,-0.099124014,2,20
143,432,122011221,55235,860,0,261,569767,875,0,288,635.78,1517.8,0.90828854,-1.3264174,4,20
144,434,2010011221,204917,4,78,78,141317,121,0,357,641.93,87.711,-1.5583601,2.1007931,1,2
147,439,122011221,58461,1057,11,1,725749,288,0,5929,643.33,1379.7,0.72111136,-2.064637,4,20
148,442,122011221,53017,5482,36,87,1090817,986,526,11725,646.71,1411.4,-1.419607,-3.5036254,4,20
149,444,122212201,8015,4395,2984748,275,576945,2711,3613,4694,650.82,1074.3,4.309821,-5.357467,5,16
150,446,122011221,74956,45223,106,402,546341,360,3,26343,650.96,1544.1,-0.9445485,-3.6291118,4,20
151,447,122212201,4489,4656,2161777,419,372827,611,755,485,652.45,1035.7,4.629134,-5.0729527,5,16
152,449,122011221,33255,601,0,144,788620,526,21,316,649.45,1492.6,0.4945811,-2.8325164,4,20
153,451,122212201,11256,1042,2551731,2162,527670,8154,2033,606,657.43,1002.9,4.3760824,-5.3255816,5,16
154,453,122011221,17700,559,112,51,470955,192,0,32959,654.75,1355.7,2.9506333,-0.6441283,2,20
155,456,122011221,8351,4562,2411,85,191820,162,541,181626,652.0,1151.1,9.119025,-3.5890908,0,20
156,460,122011221,32478,4730,0,3,256268,261,0,173,654.91,1513.4,2.6197228,0.5346313,2,20
157,463,122011221,9511,9869,0,184,511741,438,491,68464,660.53,1618.1,1.7869216,-2.4592953,4,20
159,467,122011221,37704,1951,363,60,795711,725,0,4133,665.08,1387.7,0.2427419,-3.0964634,4,20
160,469,122011221,63509,32972,380,148,672399,1178,351,1169,669.08,1529.2,-1.00112,-3.6017613,4,20
162,478,122011221,70953,5472,57,932,737996,466,448391,68923,677.36,1337.9,1.2242509,-2.2553017,4,20
163,479,122011221,59859,1598,96,52,426474,229,2343,448,673.35,1503.0,1.061675,-0.6775153,4,20
165,481,122212201,3894,1409,821648,70,227979,145,151,15616,671.08,1088.9,5.1988816,-3.1398702,6,16
166,487,122011221,60616,15977,355,465,689891,273,6276,53432,679.06,1364.3,-0.08370736,-3.3388104,4,20
167,488,122011221,41686,432,0,26,743832,401,0,33790,678.57,1423.9,0.75844365,-2.7694702,4,20
168,489,122212201,8268,235,2053099,103,323007,521,288,110,675.99,978.19,4.8073816,-4.980908,5,16
169,490,122011221,11965,802,0,0,227575,16,0,26,671.91,1405.8,3.1675847,0.9410974,2,20
170,493,122212201,7679,8389,3778045,390,886363,967,678,568,681.76,1030.2,4.2328906,-5.3910904,5,16
171,495,122011221,74950,72322,188,624,1184768,960,38096,78538,684.91,1299.8,-3.987836,-2.247189,3,20
172,496,122011221,48343,102,0,136,911835,676,0,36639,680.73,1454.5,-0.045555938,-3.2867277,4,20
173,498,122212201,5028,179,1977592,255,414634,3896,1658,10678,682.93,1079.4,4.79799,-4.8971114,5,16
174,500,122212201,5270,264,2742030,319,530116,1490,1175,338,686.46,997.12,4.2420917,-5.415337,5,16
175,502,122011221,37180,8620,0,187,474388,564,0,988,688.04,1570.7,1.0985676,-1.4934807,4,20
176,505,122011221,16671,53481,0,8,892351,721,1579,24870,687.01,1618.7,-2.5199525,-2.9574077,4,20
177,506,122212201,4767,654,1478601,169,314765,8388,200,866,692.39,1058.9,4.807835,-4.525429,5,16
178,507,122011221,84585,55008,22,172,1040405,2260,45,17591,691.38,1593.6,-3.308581,-2.332402,3,20
179,508,122011221,33330,56172,36,154,696451,98,1037,1214,692.77,1378.5,-2.0909195,-3.160825,4,20
181,511,122011221,5615,393,186,40,427605,213,1178,3433,693.43,1403.8,3.065089,-0.4423809,2,20
182,512,122011221,46067,4550,124,3411,713609,1413,96,235,695.24,1484.2,0.58954024,-2.3450644,4,20
183,513,122011221,78457,633,0,149575,330004,337,54565,7974,694.42,1514.6,-2.030996,3.0045757,1,20
184,514,122212201,27661,238,3433516,704,712135,597,1860,2411,701.94,966.99,4.2505817,-5.398239,5,16
185,516,122011221,38092,37888,120,13122,608484,637,224,1438,700.78,1536.3,-0.66768247,-3.509009,4,20
188,519,122212201,45040,14,651828,187,223864,599,197,41699,701.64,1073.7,5.214908,-2.9750106,6,16
189,520,122011221,54048,37585,2,292,734604,298,32,583,705.72,1557.6,-1.4777787,-3.4737594,4,20
191,526,2120212020,25655,2897,3666,947,787263,1599,3573117,5684,712.88,1338.0,1.5067682,-2.0823073,4,15
192,527,122011221,19074,2773,26,87,889598,470,1952,505,712.94,1450.9,0.17684656,-3.193169,4,20
193,529,122212201,24813,1203,3007533,286,712722,1419,492,2241,714.86,1035.1,4.266334,-5.398464,5,16
194,530,122011221,15236,69281,0,188,1374672,167,101,33822,709.28,1614.5,-4.3508205,-2.2275646,3,20
196,532,122212201,1342,13,1008153,27,189785,281,272,265,706.84,1012.3,5.096368,-3.2689705,6,16
197,534,122011221,9518,2821,0,112,510092,203,7252,66,708.99,1388.9,1.9704756,-2.198369,4,20
198,536,122011221,47720,77121,0,83,813316,1139,71,815,711.29,1581.3,-3.2875843,-2.4581587,3,20
200,539,2120212020,10270,331,1131,590,581121,750,2698599,21555,722.02,1292.0,1.5709202,-2.1071892,4,15
201,540,122011221,80179,7359,0,129281,618148,941,89801,2623,719.25,1491.6,-1.9697272,2.9215207,1,20
202,542,122212201,27210,301,2124001,964,523395,1174,716,836,722.09,1000.3,4.558206,-5.11459,5,16
203,544,122011221,36787,21209,0,171,509783,467,7679,28785,721.25,1366.8,0.84227645,-2.7423449,4,20
204,545,122011221,31465,2138,0,248506,422750,1764,129649,9570,722.07,1519.4,-2.036006,3.0236137,1,20
205,546,122011221,6188,65758,0,17,720977,508,168,9198,723.69,1653.5,-2.440024,-3.0450935,4,20
209,555,122011221,25052,194,137,92,724645,646,53431,62,727.56,1393.4,1.1998061,-2.3721147,4,20
210,557,122212201,76147,176,1653975,259,444757,701,281,5758,732.36,957.7,4.720549,-4.5015454,5,16
211,558,122212201,108604,289,1639109,465,574193,1043,171,2210,732.22,979.83,4.630841,-4.3641486,5,16
212,560,122011221,48426,83767,0,497,729620,244,19,298,729.58,1546.7,-3.2162857,-2.483478,3,20
214,563,122011221,134517,68673,15,104,1219883,721,0,1572,737.84,1569.7,-3.8088727,-1.7319804,3,20
215,564,122011221,89366,68591,16,83,1587870,1715,72,18920,734.91,1611.1,-4.534461,-1.9743952,3,20
218,578,122011221,7351,66,0,67,281405,70,691,159,743.25,1415.2,3.2615967,0.586165,2,20
219,582,122011221,49593,53077,377,6238,1138120,1066,1749,267,745.83,1491.0,-3.4070494,-2.577633,3,20
221,584,122011221,126030,62210,0,187,1099852,551,0,1366,749.64,1595.6,-3.504915,-1.5402913,3,20
222,585,122011221,67298,97618,0,92,1040964,457,144,19623,750.2,1642.9,-4.227547,-2.1358933,3,20
225,590,122011221,18474,211,0,87,224562,158,0,1666,743.03,1375.4,3.1616151,1.0262678,2,20
226,592,122011221,21888,43740,0,799,990096,1196,210,257,750.22,1528.0,-2.5513039,-2.8909461,4,20
227,593,2120212020,165998,13112,249227,315,711309,1258,491,1306,751.56,1001.4,-1.1725842,0.32636094,1,15
228,597,122212201,103800,308,1046458,1345,367397,2409,253,64871,754.4,945.35,5.045041,-2.9885097,6,16
231,608,202012000,28835,311,0,102,466591,6318,0,171327,765.09,1678.0,8.576618,-3.4508572,0,8
232,610,122011221,27952,108888,101,191,926888,367,0,4768,763.17,1620.0,-4.324532,-2.2004952,3,20
233,613,122011221,99009,589,0,212,377783,420,0,0,765.05,1505.4,0.28008026,1.3265232,1,20
234,615,2120212020,169105,1742,21142,1620,530077,17418,4648,3504,770.74,1047.8,-1.4717529,1.0366836,1,15
235,622,122212201,34765,2624,1012688,3288,676061,25974,523,412099,774.73,910.08,6.008462,-3.1182103,7,16
236,624,122011221,62195,47084,28,55,1151661,192,0,2029,776.34,1560.4,-3.2475145,-2.5180678,3,20
239,629,122011221,32193,51815,0,89,671414,780,177,46,774.29,1533.2,-1.7655224,-3.3279786,4,20
240,637,2120212020,134651,344,14546,212,416491,917,6256,770,788.36,1078.7,-0.52358335,1.3586727,1,15
241,639,202012000,4,139,0,14,327713,19522,0,449163,788.85,1714.4,9.923281,-1.7637473,0,8
242,643,122212201,72089,116,218,1191,152907,1420,0,14264,790.72,811.38,1.762796,1.6043535,1,16
243,647,122212201,131988,78,277163,750,1789716,899,1414,2614,789.39,968.88,-3.5488536,-2.0147278,3,16
244,648,2120212020,209076,35269,23586,731,508360,4408,0,908,800.18,1030.4,-1.9412084,0.61170167,1,15
245,650,122011221,30536,9858,0,1900,225413,1368,0,1300,790.58,1518.5,2.5575728,0.4265833,2,20
247,662,122011221,67496,59672,58,319,599059,349,332,4723,800.66,1131.3,-1.8729421,-3.2608423,4,20
248,669,122011221,37859,33146,0,284,1006217,262,154,246,804.74,1530.8,-2.3792117,-3.017494,4,20
250,675,202012000,21040,3337,0,1765,485374,47090,0,259882,811.36,1691.4,9.040957,-2.4398246,0,8
252,687,2000001000,226,23997,35,1307,362440,7584,0,844417,820.23,1736.6,10.506473,-1.7604519,0,4
254,692,2120212020,177242,112764,11248,231,477842,439,0,254,823.61,993.15,-3.3737924,-1.1108902,3,15
255,694,2120212020,207449,174630,6890,139,512108,8009,0,435,826.53,1018.5,-4.746273,-1.4273336,3,15
257,708,202012000,10579,759,0,122,430148,18511,0,81140,833.58,1671.2,8.233098,-3.5914576,0,8
259,712,202012000,36265,1764,0,218,511492,959,0,492697,839.86,1710.1,10.016254,-1.6650009,0,8
260,722,122011221,130993,48733,1574,253,1046550,806,0,997,845.46,1103.3,-3.3490727,-1.3466148,3,20
262,746,202012000,18954,49,0,3,244116,2232,0,183210,857.81,1693.8,9.093641,-3.5103548,0,8
263,760,2010011221,81545,7,0,48,127334,1276,0,14231,866.94,23.78,1.5833038,1.6219411,1,2
265,774,202012000,20241,1228,0,38,489148,18627,0,260536,874.89,1736.0,9.155688,-2.5263927,0,8
266,784,202012000,16976,2722,0,246,287509,276,0,132673,879.01,1691.3,8.632696,-3.8595936,0,8
269,806,2000001000,1964,58243,0,75,428351,51871,0,959319,891.4,1873.5,10.436912,-1.7020397,0,4
271,817,22211201,57437,49251,0,0,722591,36,0,817,896.52,1679.3,-1.8253335,-3.3381143,4,17
275,856,2001212001,108389,27171,46798,905,375706,10643,0,924,917.91,821.03,-0.9242978,0.4924799,1,12
280,872,2001212001,54574,195,595248,693,323333,5393,99,956,925.97,849.48,5.1262884,-2.918069,6,12
281,873,2120212020,165925,858,9171,324,319125,5356,0,451,919.6,986.46,-1.102644,1.9154065,1,15
288,909,122011221,226706,13150,807,99,1718098,23270,475,292,950.59,1063.5,-3.6725338,-1.0905263,3,20
289,914,22211201,34180,98161,144,94,1201818,111,0,62,941.19,1693.8,-4.434475,-2.16485,3,17
293,926,22211201,69977,87730,0,13,1623407,764,11,352,952.76,1674.2,-4.961336,-1.9537047,3,17
296,941,22211201,101724,39750,0,1194,890805,373,0,26001,957.62,1759.2,-2.0520492,-3.098296,4,17
297,949,22211201,37453,181459,0,106,1823674,301,26,54,963.53,1730.2,-5.379421,-1.7961609,3,17
298,952,2110111111,23771,10,0,1,309957,6555,0,213761,966.07,1956.2,8.998787,-3.2586937,0,13
300,954,22211201,36179,70475,0,110,950292,4386,0,196,964.42,1701.7,-3.3147345,-2.5713162,3,17
303,959,122212201,45781,113,8860,130,208026,7112,13,47111,971.05,608.99,2.3470244,1.1673255,2,16
304,960,22211201,54801,110945,0,11,1335724,160,0,19,972.65,1609.0,-4.8481774,-1.9947051,3,17
305,964,2001212001,288961,32260,4175,446,425801,12155,0,58010,976.16,758.67,-3.1007037,1.6375928,1,12
306,965,2001212001,148237,13827,106943,196,380066,1757,13,1418,972.64,851.11,-0.82481617,0.99956757,1,12
308,981,22211201,72370,131625,0,63,1394428,1075,0,199,982.38,1684.2,-5.10168,-1.8962859,3,17
309,983,22211201,33595,30427,0,32,393937,91,0,25,978.8,1741.8,0.8779549,-2.4031103,4,17
310,984,22211201,49877,48655,6870,84,1335645,153,0,34026,984.91,1767.5,-3.67197,-2.3350368,3,17
313,991,22211201,107518,130489,0,102,1630937,174,312,1978,992.76,1717.5,-5.273524,-1.727752,3,17
314,992,2110111111,4749,1893,0,63,567614,511,0,2004658,998.82,1921.3,10.459504,-1.6811979,0,13
317,997,22211201,133661,91848,74,752,1547852,1081,3,277,996.72,1557.2,-4.846167,-1.7987002,3,17
318,1004,2001212001,56071,3266,318792,169,218122,163,0,163,994.01,879.58,2.673609,0.8988876,2,12
321,1011,2001212001,353624,147865,644,431,471591,2014,0,4259,1000.6,804.23,-3.4954066,-0.30764642,1,12
323,1015,22211201,27418,62986,0,28,1055091,303,0,970,1000.4,1746.1,-3.386912,-2.53478,3,17
324,1016,22211201,32978,39969,0,120,1057398,208,0,43,998.41,1655.0,-2.5590389,-2.916857,4,17
327,1022,22211201,140775,154401,9,75,1494398,116,0,280,1006.5,1689.4,-5.160072,-1.7694798,3,17
329,1028,2001212001,37806,15,249015,273,203018,50,0,240,1008.8,855.4,2.8477025,0.9381851,2,12
330,1029,22211201,112712,72866,0,346,2151886,356,85,405,1018.3,1600.9,-5.166038,-1.8455735,3,17
333,1039,2001212001,263420,267401,989,540,513087,527,48,64838,1019.9,721.19,-5.221061,-1.6917384,3,12
335,1050,22211201,56633,101724,1,264,1402210,299,21,109,1021.0,1640.1,-4.835232,-1.9724112,3,17
336,1052,2001212001,275099,21976,1117,385,384517,8784,0,136,1023.7,787.46,-2.938533,1.7260967,1,12
337,1055,22211201,95896,103475,97,74,1602001,34,0,11448,1026.8,1673.3,-5.037673,-1.8503244,3,17
341,1067,2001212001,497178,128689,1769,354,617368,1860,0,707,1028.2,819.75,-3.453963,0.11215133,1,12
346,1082,2111111111,712,13,0,0,96175,179,0,173038,1041.0,37.338,9.087169,-3.6433582,0,5
349,1087,120001000,259949,871,305457,333,404661,16787,68,62,1042.0,855.48,-2.6019602,1.8231151,1,7
352,1091,22211201,42430,56545,0,0,489414,160,0,121,1040.5,1636.9,-1.5584717,-3.4693582,4,17
353,1097,2001212001,141072,626,93,847,477636,5092,0,1116,1052.4,731.91,-0.86688733,1.1022563,1,12
354,1102,22211201,4953,13229,175,197,299943,108,0,86,1052.4,1534.7,2.9674103,-0.50933665,2,17
355,1103,22211201,45329,56472,0,25,568377,46,26,4,1047.8,1598.8,-1.6207871,-3.4089618,4,17
356,1104,22211201,53447,93421,0,74,1254152,258,0,406,1055.7,1624.7,-4.4415493,-2.098025,3,17
367,1123,120001000,160830,847,255252,176,249624,4179,0,689,1057.9,863.32,-0.3550674,2.027557,1,7
368,1124,22211201,67123,64990,0,0,702229,78,3,0,1063.0,1606.9,-2.1388917,-3.0832224,4,17
371,1131,2001212001,174220,9817,6,111,1282731,4428,0,48,1068.7,757.58,-3.190541,-0.9442856,3,12
373,1135,22211201,113393,174178,38,136,1812331,758,64,207,1074.9,1563.3,-5.3839645,-1.7557733,3,17
375,1142,22211201,44543,64280,0,248,1458220,214,0,12,1074.8,1587.9,-4.365618,-2.150292,3,17
378,1147,22211201,11474,20666,0,110,454065,460,0,6476,1073.4,1645.4,1.4115409,-2.6217136,4,17
379,1151,2001212001,258461,15186,404,55,503384,690,121,223,1077.2,787.82,-2.762776,1.8369501,1,12
382,1157,22211201,37607,18854,107,343,487891,546,0,240,1079.9,1540.9,0.82927907,-2.3138883,4,17
384,1167,2212211101,79795,3469,2830,61,354814,68,0,152779,1089.7,1819.9,8.1326885,-3.1303182,0,18
385,1169,22211201,10304,42539,0,317,599895,412,0,141,1081.2,1606.5,-1.3890082,-3.2570102,4,17
387,1183,2001212001,223176,94766,217,236,297948,411,89,727,1096.8,742.45,-3.135649,-0.5345506,1,12
389,1192,22211201,68585,65776,0,210,1355051,600,17,57,1103.0,1531.5,-4.1183567,-2.114126,3,17
390,1195,2001212001,202092,15668,468,26,265884,823,0,4,1097.7,762.36,-1.9006362,1.883979,1,12
391,1198,120001000,126128,68,275,0,208390,1765,0,90,1095.3,843.95,0.08397771,1.9367684,1,7
392,1199,22211201,63080,54721,0,28,375706,31,0,7506,1093.4,1616.6,-0.95436627,-3.594719,4,17
393,1200,2212211101,111261,4434,1135,9,363035,435,71,95,1103.3,1850.9,0.10848031,1.2923348,1,18
395,1205,2001212001,345354,12931,749,78,762340,619,143,35,1102.3,792.07,-3.214849,1.4258562,1,12
396,1206,22211201,177329,21417,90,204,1045812,1831,0,170,1102.0,1586.0,-3.113301,-0.7896063,3,17
398,1212,22211201,65067,75738,17,386,1237299,644,0,188,1109.9,1557.0,-4.094931,-2.0965135,3,17
400,1216,120001000,145623,9772,22119,504,381027,290,51,198,1108.0,875.56,-0.8264991,1.214794,1,7
405,1228,22211201,37021,36608,61,120,807656,57,0,23323,1111.5,1611.3,-1.6459857,-3.403007,4,17
408,1231,120001000,235311,284,81,480,466265,500,0,566,1114.7,821.01,-2.347291,2.0024168,1,7
411,1239,22211201,17519,2821,0,70,231344,185,0,15,1119.8,1514.5,3.1054828,0.87885416,2,17
417,1256,22211201,68866,107079,0,143,806197,391,0,217,1129.8,1595.9,-4.0500417,-2.113456,3,17
418,1257,1101111121,28263,11446,0,105,732464,879,0,23070,1130.3,1763.2,0.2965694,-3.1685197,4,10
424,1272,22211201,2068,957,0,64,200928,160,0,69,1137.4,1502.5,3.227087,0.8542967,2,17
429,1285,120001000,197793,1267,456,176,577321,6341,0,162,1141.0,897.36,-1.6963944,1.3031143,1,7
431,1289,22211201,17990,67,0,0,213325,4,0,14,1139.8,1523.1,3.0716927,1.039105,2,17
434,1296,2001212001,181615,95,335,26,235681,66,0,29,1142.4,765.84,-1.2768462,2.0765352,1,12
435,1305,22211201,35429,1929,0,205,345315,400,0,4,1153.4,1537.9,2.6057053,0.23703308,2,17
436,1306,1101111121,124131,0,0,170,443129,5168,0,1260,1154.6,1804.9,-0.4851499,1.1632184,1,10
438,1310,2001212001,325245,31755,172,229,422714,17427,0,12384,1156.6,690.66,-3.330642,1.4833498,1,12
447,1339,1101111121,36280,238,6722,1230,262797,41,0,1702,1163.7,1917.5,2.6531372,0.86687773,2,10
450,1347,2001212001,166484,26337,315,10,1135517,4780,42,84,1168.6,716.31,-3.2019808,-1.0079846,3,12
451,1361,2212211101,77585,78,0,529,438719,259889,0,584,1178.4,1723.8,-2.749379,1.0402533,1,18
457,1384,22211201,125632,20159,0,1134,631379,521,0,336,1188.9,1435.1,-1.1488868,0.2835395,1,17
464,1403,1101111121,73510,694,0,132,513513,696,0,101,1193.5,1856.2,0.79440844,-0.919843,4,10
465,1406,2212211101,21206,89,134536,343,340587,214,0,10847,1195.1,1785.4,3.1162894,-0.0234047,2,18
469,1420,2212211101,280842,9435,112,205,1049974,6620,0,1309,1199.4,1655.3,-3.1137633,0.14675535,1,18
471,1433,2212211101,258878,5051,596,469,1148654,523,0,4218,1206.3,1624.6,-3.0251818,-0.17097284,1,18
472,1434,1101111121,134075,1659,64309,23,250162,76,0,46,1203.9,1939.2,-0.06749226,1.9018873,1,10
473,1435,22211201,113442,73,699,68,304057,938,0,1367,1200.8,1108.0,0.17946237,1.6653178,1,17
479,1455,2212211101,212054,19,0,152,2219582,13927,217,25809,1217.1,1682.4,-4.1160436,-1.4886347,3,18
484,1473,2212211101,179609,11835,0,191,370870,226,0,103,1221.5,1568.8,-1.350969,1.4145476,1,18
485,1477,1101111121,36229,5904,0,353,289224,115,0,16872,1221.6,1805.6,2.4886644,0.35594863,2,10
491,1499,2212211101,1493,0,0,0,360058,38,0,113540,1230.3,1642.9,8.681738,-3.9488628,0,18
498,1516,1101111121,18587,111,0,318,400341,2274,0,105,1234.0,1827.0,2.8369887,-0.31585133,2,10
499,1520,2212211101,41645,49,0,106,417022,1185,0,41754,1236.3,1756.9,2.4904091,0.24928662,2,18
505,1535,2212211101,1156,21,0,214,383360,305,0,276911,1245.6,1693.3,9.3213415,-2.502173,0,18
508,1540,2202211201,172849,19142,174,120,317749,21865,0,60499,1247.4,941.65,-1.4359615,1.0775759,1,14
509,1545,2212211101,78893,1009,0,216,660098,298,0,9844,1249.4,1726.9,0.74592274,-1.5265733,4,18
513,1553,2212211101,29973,1214,73,385,204534,163,0,12499,1252.2,1616.2,2.927604,1.1354088,2,18
524,1593,22211201,178291,594,0,156,250369,257,0,66,1265.0,1076.8,-1.2074707,2.048607,1,17
528,1601,2212211101,5082,0,0,145,427155,1063,169,108665,1269.1,1704.3,8.586969,-3.830533,0,18
531,1608,2212211101,12870,898,22,136,203893,444,3645,147646,1270.5,1647.3,8.836826,-3.7576385,0,18
535,1618,2212211101,69744,39,0,213,502498,734,0,12615,1276.3,1605.4,0.925965,-0.86565894,4,18
538,1634,2212211101,74390,323,0,131,1083683,61,38,81449,1281.4,1724.1,-1.2196969,-3.6182578,4,18
539,1638,2212211101,25886,0,0,41,334080,114,0,153464,1282.3,1688.5,8.765225,-3.70252,0,18
540,1641,2212211101,43813,123,0,304,379788,149,63310,2869,1286.2,1635.3,2.6825106,0.0745425,2,18
541,1642,1101111121,6588,460,0,47,238461,50,17034,83406,1279.4,1754.5,8.495264,-3.9807618,0,10
546,1656,1111201000,42793,1064,2396641,215,763638,8867,937,4299,1289.4,515.78,4.376769,-5.2774057,5,1
547,1661,2202211201,353266,7346,197,92,448723,3387,24,27138,1292.9,1093.4,-3.2561858,1.5916561,1,14
549,1667,2001212001,83772,3144,242066,60,584593,14589,0,2251,1294.4,582.28,0.6618237,-0.77920955,4,12
555,1690,2212211101,78927,5,0,412,1105930,2980,0,2710,1304.9,1592.7,-1.170805,-3.4612331,4,18
557,1693,2212211101,106414,56,0,7150,446992,2350,0,5138,1301.8,1568.5,0.1667833,1.198631,1,18
568,1731,1101111121,24425,7828,0,73,234498,48,0,14,1309.2,1818.3,2.6290889,0.41277778,2,10
573,1746,2202211201,23328,1188,32,0,128712,105,0,26,1312.3,790.88,2.9849827,1.187008,2,14
575,1758,2202211201,333569,9021,590,94,516025,2039,0,458498,1325.8,1068.9,-2.2991092,1.5351824,1,14
577,1762,120001000,114608,394,16444,192,616531,37082,114,33187,1324.3,573.11,-1.3583583,0.60593796,1,7
586,1789,2212211101,90292,187,0,353,561775,80,0,127,1330.1,1585.8,0.64887005,-0.7640592,4,18
589,1799,1101111121,71317,47,283201,174,276477,1243,0,80,1332.2,1822.7,2.3471196,0.98784167,2,10
601,1835,2110212001,147987,125,0,271,596353,802,27,21638,1346.6,1730.2,-0.9042492,0.89197886,1,11
605,1848,120001000,168016,7,151701,54,520981,17151,0,36108,1351.9,552.56,-1.3456446,0.9103578,1,7
606,1849,2212211101,81927,62,0,692,679033,8200,0,228789,1350.6,1613.1,8.397696,-3.0631614,0,18
608,1854,2212211101,34218,0,0,52,1159939,231,0,24469,1353.5,1688.0,-1.4565544,-3.3922222,4,18
612,1864,2212211101,178683,298,151,2674,564903,3679,128,16750,1356.7,1577.4,-1.4017762,1.1159698,1,18
617,1896,2202211201,53122,6554,123,141,219632,8562,3773,93374,1367.5,641.57,8.087246,-3.0548859,0,14
621,1911,2202211201,170308,288,41,101,203582,184,0,306,1370.9,722.89,-1.0907294,2.0259128,1,14
623,1924,2202211201,156723,18,20,19,322748,561,0,49,1373.7,748.43,-0.9907014,1.9870322,1,14
625,1926,2212211101,58053,7241,0,4158,666012,583,0,159,1375.8,1562.6,0.63832116,-2.102048,4,18
630,1945,2202211201,154904,15,30,0,212340,1341,0,5704,1382.0,682.35,-0.8662983,2.0989633,1,14
633,1952,2212211101,235832,671,0,16144,443016,775,0,33901,1390.4,1494.8,-2.1964872,2.2584665,1,18
637,1965,2202211201,203683,11904,0,1329,727642,608,0,9803,1387.0,1129.2,-1.6903468,0.57922935,-1,14
638,1966,2212211101,142635,295,0,15335,399925,1465,0,834,1388.4,1542.9,-1.0555884,1.9375898,1,18
639,1971,2202211201,314084,108,469,106,477890,48654,37,6495,1390.5,576.4,-3.0864995,1.4136645,1,14
642,1985,2212211101,169411,15,51,267371,460186,7306,0,164557,1394.9,1630.3,-2.044643,3.034372,1,18
646,1996,2202211201,100582,9,189,50,321563,11363,0,9533,1403.5,594.83,0.43488413,1.6056353,1,14
649,2002,2202211201,65826,7,25,98,325782,6462,1657,33866,1401.7,619.75,1.6762766,1.0260336,1,14
652,2015,2110212001,75810,9386,697,332,448696,5999,0,332,1402.0,1810.5,0.66749185,-0.74215233,4,11
655,2023,2212211101,177999,218903,47,18477,576429,1553,0,78095,1409.0,1464.5,-5.152701,-1.6321867,3,18
656,2025,2202211201,96000,41,43679,0,224579,5931,0,166,1407.0,534.05,0.5755383,1.9078069,1,14
658,2032,2110212001,69575,27,298,104,350982,297,0,4611,1409.5,1752.9,1.3821293,1.3102863,1,11
659,2033,2110212001,162565,23768,242,93,535348,1576,0,634,1410.2,1782.2,-1.2611538,0.40849286,1,11
662,2049,2212211101,257679,11222,122,75936,440477,7968,13,14420,1419.1,1528.1,-1.948693,2.6802616,1,18
664,2063,2110212001,24998,2652,3875,613,331289,660,0,974,1420.1,1915.8,2.6634638,0.20504436,2,11
666,2067,2110212001,96492,5656,0,36,528398,1460,0,4271,1422.2,1728.0,0.46599415,-0.56769055,4,11
668,2079,2212211101,158183,7769,77,60981,366174,329,282,18984,1426.5,1507.9,-1.8793348,2.7715814,1,18
669,2080,2110212001,235702,244,13891,302,262955,230,61,68608,1420.2,1653.4,-1.8394464,2.0541549,1,11
670,2082,2110212001,56264,508,120,92,649965,5063,0,120,1428.2,1836.6,0.7741201,-1.6813786,4,11
673,2106,2110111111,155142,11291,19885,192,295641,133,0,12055,1430.7,1953.5,-0.92166966,1.556407,1,13
679,2129,2202211201,105454,0,83348,0,171437,572,10,170,1442.4,584.7,0.5937758,1.9603981,1,14
681,2138,2110212001,306083,193,1822,199,641688,63073,0,4903,1450.1,1758.8,-3.0882819,1.3411595,1,11
683,2146,2110212001,258418,16499,54,64,377987,212,0,169,1450.6,1813.4,-2.7183397,1.858458,1,11
689,2162,2110111111,17307,2542,35225,46,429093,8034,0,91,1444.8,1914.7,2.9003031,-0.40039963,2,13
696,2178,2111111111,42349,1255,1085702,304,172863,6552,0,601,1458.5,536.22,5.0969667,-3.2285242,6,5
698,2180,2110212001,76285,115,0,0,218385,77,0,314,1452.8,1830.2,1.5911407,1.5920886,1,11
701,2187,2212211101,49537,46,131188,37300,198033,381,0,17652,1457.3,1519.2,1.0908657,1.6651046,1,18
702,2188,2202211201,96639,99,409,5194,348704,32118,339,298539,1462.9,682.27,8.772873,-2.5818853,0,14
704,2195,2110212001,73593,84,74,16459,333240,589,0,30235,1468.1,1606.4,0.96413225,1.4797168,1,11
706,2204,2212211101,78132,1533,2,122,230287,976,0,80,1466.5,1702.2,1.4851637,1.5214404,1,18
707,2206,2202211201,15364,94,131540,98,69305,145,0,91,1460.0,584.58,3.0376227,1.1181227,2,14
713,2229,2202211201,112474,6637,19,116,222306,4030,2,28501,1472.5,649.59,0.25611663,1.6598512,1,14
722,2247,2110111111,21279,4981,239,148,231622,419,0,207268,1477.7,1917.4,8.963812,-3.4874127,0,13
725,2254,2110212001,298657,340,328452,41327,497442,5490,98,486,1487.1,1550.2,-2.1793919,2.5493383,1,11
726,2255,2110212001,161874,3762,6230,67,430509,23201,0,13633,1485.9,1755.3,-1.4517668,1.0460808,1,11
729,2263,2110111111,162958,43,2582,97,346871,7745,385,2568,1485.8,1885.1,-1.1085104,1.8546667,1,13
730,2264,2202211201,76269,641,0,5763,267370,5134,0,168769,1487.1,695.35,8.208838,-3.0352454,0,14
733,2269,2110212001,160044,1335,2377509,58979,678145,3087,0,577,1493.8,1518.1,4.520705,-4.9786057,5,11
734,2271,2212211101,50576,190,0,46,413504,14348,0,1407,1488.0,1717.8,1.0224878,-0.5067645,4,18
736,2279,2110212001,181018,99,364,19488,296186,185,0,200,1495.4,1577.3,-1.6463556,2.3245842,1,11
738,2292,2110111111,73720,20,82,28,258969,2946,0,6596,1497.6,1911.5,1.4417493,1.4492877,1,13
740,2303,2202211201,112300,226,110,124,412449,9020,34,255579,1506.0,672.69,8.453911,-2.9521039,0,14
746,2327,2212211101,115386,17891,0,0,743184,21217,0,361,1514.4,1724.2,-1.1753802,0.43408632,1,18
752,2343,2110212001,277163,94,800,7397,646397,504,0,206,1524.3,1548.5,-2.8230245,1.8253723,1,11
755,2359,2212211101,164641,189697,4,583,836861,974,0,353,1531.0,1706.5,-5.09711,-1.6142517,3,18
760,2368,2212211101,62862,22,0,256,613765,534,4705,169222,1537.9,1660.7,8.329857,-3.3604815,0,18
761,2370,2202211201,66,13443,39,319413,883076,1082,104,326240,1539.4,1099.2,-2.00658,3.023115,1,14
763,2373,2212211101,187936,471,25,4228,475271,1845,0,136488,1540.7,1570.3,-1.1490897,1.2788491,1,18
767,2382,2212211101,262603,1155,33,25027,494759,5462,9,111416,1548.6,1598.1,-2.2640862,2.307149,1,18
769,2395,2222211021,109,1631,1093001,691,359166,1923,0,51738,1551.9,319.35,5.1981583,-3.3836446,6,19
772,2402,2222211021,20440,2521,297572,115,457614,903,8,322926,1555.4,348.57,9.275848,-2.428843,0,19
774,2412,2110111111,159908,4,434,105,1064270,193904,9862,64575,1559.0,1752.4,-2.770575,1.0542421,1,13
777,2422,2212211101,118876,9,0,235,373523,1641,0,25523,1562.3,1651.9,0.14090092,1.4812186,1,18
779,2426,2110111111,15318,3253,0,0,199619,6941,0,2,1559.5,1998.8,2.854766,1.0513841,2,13
780,2427,2000001000,78526,0,24,44,276085,88,0,72,1567.2,561.87,1.3868451,1.4579961,1,4
783,2431,2111111111,18990,43,119474,48,312384,1889,499,395722,1562.1,1881.2,9.640463,-2.0622976,0,5
784,2433,2111111111,18874,493,0,19,880441,6905,0,0,1565.3,1977.8,0.28383806,-3.1853619,4,5
787,2444,1111201000,174779,376,84251,51554,500765,2417,0,60754,1572.7,1182.8,-1.8641162,2.712762,1,1
789,2446,2222211021,1688,7,980650,420,306844,7736,590,146164,1573.5,310.07,5.5190477,-3.2984457,6,19
793,2451,2222211021,50823,87,231502,12,451623,2751,34,857397,1579.1,277.72,10.367368,-1.7699907,0,19
798,2461,2212211101,109017,121,85,115,354576,2303,0,41583,1582.4,1667.9,0.3369965,1.5195925,1,18
799,2462,1111201000,138318,1308,71782,783,325044,1437,0,41908,1586.6,1205.7,0.033402383,1.5979086,1,1
801,2467,2110111111,59019,0,0,28,163275,221,0,37,1578.0,2023.7,1.8424122,1.5777254,1,13
804,2474,2000001000,238982,318,114,18,157876,55,0,119,1587.9,433.8,-1.7690232,2.0343235,1,4
805,2482,2110111111,17273,20572,82,272,691359,579365,410037,646246,1594.9,1761.1,-2.7997057,1.0759002,1,13
806,2483,2110111111,36505,2,0,65,119424,47,0,0,1588.6,2038.5,2.6721435,1.2940807,2,13
807,2485,2222211021,3520,174,29482,5,149555,131,0,259684,1593.2,322.32,9.22729,-3.3152103,0,19
810,2495,2222211021,50134,105,62,17,176864,132,0,251757,1599.2,385.16,9.07105,-3.4539406,0,19
813,2500,2222211021,19991,13,110776,40,316138,3815,0,392896,1605.2,261.15,9.618598,-2.0717816,0,19
814,2502,2212211101,114893,1390,232,1810,716790,25224,51,2182,1605.9,1660.0,-1.2208846,0.5423474,1,18
819,2521,2222211021,11361,15467,211745,124,317484,228,0,697622,1620.4,308.79,10.390635,-1.7212181,0,19
821,2524,1111201000,56536,1181,0,94,967974,666,0,69,1623.6,1328.0,-0.68926036,-3.4745278,4,1
823,2528,2110111111,123297,130,20,200,520807,264,0,169,1625.6,1698.3,-0.52310574,1.0545174,1,13
824,2529,2222211021,1184,5251,894811,30,281959,4066,0,21338,1625.2,242.02,5.2118444,-3.291741,6,19
825,2530,2222211021,11275,4301,200791,72,326378,110,7164,494081,1626.2,382.55,10.018409,-1.7897118,0,19
826,2531,2110111111,483921,4282,340,807,647687,31545,107,197661,1632.5,1505.6,-3.1351237,1.3649814,1,13
827,2532,2110111111,139510,1714,506,561,656965,14288,14739,104165,1626.9,1750.7,-1.1682811,0.6359155,1,13
832,2542,2222211021,33875,0,35850,105,305446,404,0,558295,1637.5,278.18,10.167784,-1.7826198,0,19
833,2543,2222211021,40074,257,34147,0,302287,7432,0,325447,1635.1,336.2,9.439314,-2.2831855,0,19
836,2546,2110111111,158736,469,2850,742,619103,984,747982,681,1639.6,1721.9,1.203963,-2.0320673,4,13
839,2554,2111111111,122230,4,98305,477,541808,14891,0,759,1643.3,1671.6,-0.8941736,0.58642876,1,5
841,2560,2222211021,50,789,699669,20,299753,1929,0,235758,1646.3,313.26,5.946611,-3.1203759,7,19
842,2561,2222211021,22079,61,647906,11,275545,2521,0,43617,1648.0,222.09,5.3395824,-2.9159706,6,19
844,2565,2222211021,55885,2954,876,158,277490,7788,18131,384429,1655.9,402.02,9.676266,-1.9596025,0,19
845,2570,2222211021,89061,418,39,158,318060,4366,0,688319,1663.4,461.56,10.242944,-1.7271432,0,19
851,2583,2222211021,47839,1027,81327,76,229599,8,0,208199,1667.8,224.81,8.9199295,-3.4146755,0,19
855,2590,2222211021,125389,1559,1373,140,349194,141,207,239791,1680.4,409.94,8.240017,-2.9906359,0,19
856,2591,2222211021,46124,0,283148,0,292350,541,0,246071,1682.0,240.64,8.963257,-3.5186815,0,19
859,2598,1111201000,55061,7136,1015784,544,1121556,736,0,2947,1685.9,1843.5,4.440105,-4.121969,4,1
862,2608,2110111111,180094,83,5360,203,266935,243078,0,173,1693.2,1627.2,-2.833214,1.1189383,1,13
865,2611,2110111111,321,109,241105,338,274672,107,29037,41505,1695.2,1742.4,3.2963204,-0.15220907,2,13
866,2615,2222211021,1231,240,14965,21,218405,1930,0,373950,1703.3,338.28,9.777639,-2.2035022,0,19
868,2620,2222211021,33224,268,528303,168,253105,92,0,79296,1705.8,253.48,5.4723024,-2.9249656,6,19
869,2623,2222211021,28388,3948,186231,80,181984,2656,3,379912,1707.6,424.57,9.624427,-2.0692968,0,19
872,2628,2222211021,48049,116,75356,124,216529,8394,3197,453876,1709.9,313.71,9.819142,-1.8755825,0,19
873,2630,2222211021,42951,3,617614,44,214102,149,0,168080,1709.9,396.23,5.7972746,-2.996614,7,19
876,2633,2222211021,57195,82,411383,192,285170,5815,11,173731,1710.5,229.53,8.227796,-3.73416,0,19
879,2636,2111111111,379858,927,361696,4765,620909,3233,185,894398,1718.5,1680.9,9.915138,-1.8261254,0,5
880,2641,2110111111,127744,90,139278,1230,217720,252,0,2419,1722.0,1706.6,0.03191424,1.9939941,1,13
882,2646,2222211021,2236,68,2746915,195,380001,6400,49,199426,1733.0,329.6,4.2772455,-5.3664017,5,19
884,2659,2222211021,0,7270,1272528,139,273732,331,144,65264,1735.0,397.84,5.254894,-3.5197008,6,19
885,2660,2222211021,32728,0,235542,39,466863,185,0,752033,1743.2,301.17,10.365741,-1.7572018,0,19
887,2664,2222211021,322552,10203,116252,83,514652,4319,0,153365,1741.3,209.61,-2.9565923,1.6597084,1,19
891,2673,2110111111,345790,1404,51,849,509495,7115,0,5312,1757.2,1598.4,-3.2066376,1.5390041,1,13
892,2674,2222211021,158,215,1076477,254,363573,5705,0,174031,1755.7,366.3,5.5570107,-3.2660599,6,19
893,2676,2222211021,563,387,935380,313,189845,617,0,7030,1758.2,432.05,5.160654,-3.1795654,6,19
895,2682,2222211021,285,6568,1546303,1,351128,99,0,14688,1762.6,328.35,4.806876,-4.601683,5,19
897,2685,2000001000,683942,104829,383495,4541,1051653,18870,95,7745,1769.1,215.83,-3.3874614,0.4145974,1,4
903,2698,2222211021,142,208,1699310,132,267641,706,13,5621,1782.3,416.25,4.8418503,-4.6789846,5,19
905,2703,2222211021,6297,311,1898702,14,354428,90,343,16823,1788.0,383.9,4.771543,-4.8312407,5,19
907,2706,2222211021,845,1825,609456,349,185884,11465,0,31820,1793.2,338.67,5.3161983,-3.0214121,6,19
908,2708,2222211021,0,0,647828,0,159403,298,0,200782,1794.0,439.91,5.91194,-3.1032562,7,19
913,2724,2222211021,10323,9,33702,15,128278,25,0,206914,1815.5,357.35,9.145252,-3.5574386,0,19
914,2725,2222211021,55770,61,1582612,86,364357,12749,31,524335,1814.5,408.37,5.9850082,-3.1889257,7,19
919,2733,2222211021,38011,5527,32312,55,231517,8812,0,203022,1816.0,382.4,8.908397,-3.3487604,0,19
925,2756,1121011201,203875,265,21,423895,275529,1197,0,4111,1843.7,1743.9,-1.9958789,2.9712813,1,6
928,2765,1121011201,87972,891,0,20597,134999,14500,0,128,1853.7,1769.6,0.6544518,1.7891225,1,6
930,2775,2000001000,59508,130,39940,56,222404,401,0,37966,1880.3,338.62,2.2142305,1.3216991,1,4
932,2781,1121011201,65098,73,0,129,361279,66,1883,62692,1877.2,1640.6,2.099482,0.6185753,2,6
934,2784,2222211021,22559,0,2719,4,228078,90,0,100601,1884.0,363.74,8.557802,-3.892724,0,19
937,2793,1121011201,85054,2656,0,983,1388563,504,102,717,1899.9,1646.7,-2.2629492,-2.987124,4,6
940,2798,2222211021,7539,5392,926416,76,267357,312,0,374390,1934.8,429.8,6.057178,-3.1502175,7,19
942,2800,1121011201,151136,10619,1072,301,482908,1274,230,218,1938.9,1626.8,-1.0347527,0.91073364,1,6
944,2803,1121011201,138247,11230,3,177,364664,4252,0,40600,1950.4,1312.8,-0.68916976,1.2050431,1,6
946,2805,2222211021,206425,5074,1236880,97,379582,53,0,17769,1953.8,510.39,4.8780503,-2.9477925,6,19
948,2807,2222211021,4222,2672,1269169,168,384051,211,0,188588,1963.6,473.79,5.4727845,-3.3610811,6,19
950,2811,2222211021,2737,46,284327,106,167602,186,14866,387558,1962.8,428.58,9.604149,-2.095973,0,19
952,2816,2222211021,0,2063,1805061,120,290129,539,7,106071,1977.7,447.73,4.773645,-4.6805344,5,19
962,2841,2222211021,0,6133,80064,111,258133,221,0,688711,2005.2,468.7,10.364015,-1.794649,0,19
968,2860,1121011201,132398,54,178,313,190121,327,0,49386,2028.7,1161.3,0.22048251,1.8117304,1,6
