cell_id,Barcode,ChAT,fru,Gad1,SerT,sNPF,tbh,Ple,VGlut
1,1111111000,185925,4395,4824,3778,510579,10759,4800,504457
39,2111011221,22610,3,301354,28,91466,246,27,59
41,2010011221,32181,802,170048,4,287953,11384,0,149023
43,2010011221,64339,103,52446,32,142172,828,14159,21459
52,1111111001,25028,0,0,0,63079,0,0,54261
76,2111011221,67468,1094,729,3,120936,3520,12465,73624
81,1111111101,880,578,14632,46,153874,76,0,30
85,0112011211,66147,1696,24213,670,251580,5777,939,73456
86,1110111011,92112,198,111019,37,243943,8589,104,33283
89,2112011122,80384,361,6951,99,278841,537,0,88506
99,0112011211,53752,57,6026,17,136651,7291,8,2752
102,1110111011,86956,22543,51510,122,283445,2477,0,4534
105,1110111011,66,0,7381,34,40520,153,0,556
112,2110111221,113074,1242,27370,49,361518,14649,12978,66925
116,0212001000,172210,22,3221,324,600922,6170,20,2321
117,0102001010,5458,0,0,13,148287,344,0,31
122,0000211101,61241,53,27930,92,168881,30,0,466
125,0021001000,98898,93,245,300,550846,1072,0,292
128,0212001000,94776,193,197,215,487270,1604,0,1861
129,1110111011,60618,4533,115272,77,221932,353,22,15874
130,2010112221,98740,34981,2292,149,301258,370,53,516785
134,0121001000,231296,153,194,491,713270,2695,114,931
135,2200211200,101616,244,831,270,339706,670,56,490
146,2010012221,29097,89,1995,110,286774,446,120,116781
148,2010112221,70978,157,1400,248,429775,665,0,221305
149,0212001000,155883,168,1446,273,463147,783,234,6098
153,2200211200,12565,1,0,19,241207,3659,0,255
166,2200211200,253143,4512,1362,401,487443,6838,49,1185
167,2000211200,64287,2823,93,141,211884,577,57,561
168,2012012201,116908,547,502,222,495080,5438,0,332368
170,2010012221,37064,1253,17860,833,370170,14243,0,300207
171,2010012221,73344,9970,2406,412,325832,506,14,475648
175,2200212200,146019,53,184,290,391497,1137,0,921
176,2010111001,49523,128,1916,167,307555,951,95,261068
177,1121111000,212223,59,210,279,1054941,10407,0,167040
186,2010012221,120077,33831,1441,240,364783,892,0,538291
187,2200211200,139070,11,37,179,676563,2616,45,554
192,2220212220,116508,20,288,211,419267,536,118,874
194,2200211200,97829,203,1055,2222,782349,2167,7,3116
196,2220211220,179345,58,410,105,437461,660,0,2213
200,0100211101,111986,2990,134249,1617,393145,63332,764,2184
201,2010112221,51397,884,1778,40,460311,681,70,284540
202,0101111101,230,66,386998,250,40914,465,0,74
204,1111001000,41684,92,133,142,425866,1066,0,430761
205,0121001000,242158,587,1112,312,710110,3668,446,95281
207,2120212220,129566,605,94,270,506325,1305,0,440
208,2120212020,78289,0,179,38,233473,228,0,833
209,2120212020,108363,1004,74,347,497948,1069,4738,1426
213,2010011221,81124,1942,1180,192,257256,13937,0,445
215,2120212020,187525,1712,17,132,406321,870,0,822
216,0122011221,78462,131172,796,394,1926609,622,2435,1708
219,2200211200,168052,473,98,185,2338546,1506,4296,2876
220,2120212010,60554,206,25,69,400405,451,21,542
221,1111001000,180620,90,139131,294,456140,1327,0,1189
224,1110111000,125558,61,59850,379,363208,29298,14,289
225,2120212020,110623,161,313,285,410039,8673,213,6510
228,2120212020,230977,0,268,49,361828,2892,29182,1802
231,2120212120,229355,82,333,413,475025,1837,49,382
233,2210211200,160429,1010,797,536,568463,9164,57933,3997
234,0111111100,407554,249,3660,894,775556,3494,442,12975
239,2120212020,140466,10564,20,755,673717,5480,0,24269
241,0122011221,32342,9059,17,101,249750,112,0,800
246,2120212220,149077,146,231,924,737823,19883,372610,11803
248,1111111010,96508,2320,1181,151,261887,25694,16,372
249,1121011101,89753,6774,3480,1108,619958,7313,62,628909
250,2200211200,235754,133,592,331,331636,1336,288,2333
251,2120212020,54791,5400,502,156,423060,6131,0,1082
252,2200211200,106948,246,555,225,4024643,191,13930,5489
253,2010012221,35108,8,13263,171,489151,3507,108,319409
255,0122011221,150326,3225,30,101,540119,1327,0,1008
259,2120212020,95477,56,236,212,398044,3031,27,5724
260,0122011221,40065,6124,338,1557,574598,1728,0,768
261,1110111011,172452,3281,11253,590,291919,8768,683,542
266,1111111111,109778,263,20412,103,412763,668,0,693
268,2120212220,66506,6931,482,300,551823,1108,71,101968
270,2200211200,133656,17796,5951,16783,592357,27741,24152,5930
272,1111111000,53248,93,8038,1652,879316,16513,30,1316581
273,0122011221,100390,1184,157,618,369144,10534,24,793
276,0122011221,30869,6821,317,146,391080,313,0,202
277,1111111111,53916,12,13159,272,381857,12264,47,352858
279,2122012221,42724,3119,0,240,672980,35215,0,651
280,0122011221,52441,15967,24,75,369313,426,17,305
283,1111101000,196880,393,145674,1465,510067,15194,99,586
286,0122111221,84690,8048,29,141,257383,2862,9,815
287,0122011221,127230,34047,42,309,1147054,2936,1724,1698
288,0122011221,70448,86723,0,9,845164,264,386,238
293,0122011221,65711,8944,111,426,1212024,4151,508,381
297,2120212020,50443,54,0,243,441643,706,0,233586
300,0122011221,109425,40076,162,1369,648701,20178,247,14977
301,0122011221,30939,59495,1311,212,1120167,392,3563,2803
303,0122011221,65629,11454,0,209,836950,388,0,474
304,0122011221,26857,18136,81,119,504512,546,309,188
308,0122011221,55078,2869,30,291,733048,17266,0,72513
316,0122011221,19676,1024,0,143,532629,776,74,1419
319,0012001000,50656,4892,48009,581,585729,5407,10,942110
320,0122011221,38929,11804,75,50,880704,1299,17,149
322,0122011221,7099,5257,4,57,534331,1428,0,180
323,0122011021,56177,247,293,369,603106,8338,17,366200
324,0122011221,40557,432,333,42,684449,601,0,77964
326,2120212020,91793,114,742,268,302764,14083,27,154704
327,0122011201,145427,4399,109,288,750751,2232,0,401516
328,0122011221,72486,63592,147,325,1201420,587,1452,5646
331,0122011221,17215,37294,0,211,688713,206,352,1228
332,0122011221,49645,65,0,147,874788,352,0,19491
339,0122212201,14077,435,2889577,678,655409,2811,1908,111064
342,0122011221,17691,29,13,46,602556,246,994,177
343,0122011221,68040,4092,0,228,757285,27634,22,135719
346,0121001000,149214,258,301588,956,711347,655,1802,404412
347,0122011221,38008,11374,0,47,702495,1184,0,465
348,2120211020,61171,5228,132,213,533883,1433,167,245497
353,0122011221,10610,13,4,149,377951,230,0,2190
354,0122011221,53155,331,51,247,690760,1314,100,21235
356,0122011221,51408,9199,0,305,376191,1329,0,953
361,0122212201,10607,14788,1952155,385,324928,771,1691,671
366,0122011221,99310,17297,147,88,909292,982,37,10739
367,0122011221,14660,134,12,159,615246,465,13942,2218
368,0122011221,42775,713,0,7,683568,506,49,331
370,0122011221,16208,275,0,46,365545,419,5223,45
379,0122212201,6369,1827,1937442,401,339838,614,991,94
380,0122011221,30988,1250,0,303,840479,1152,79,58867
382,0122011221,29079,3742,74,64,795887,1957,0,55314
386,0122011221,75946,6578,64,104,737002,447,0,10059
387,0122011221,58296,20615,0,1,424769,249,0,1299
388,0122011021,80624,356,285,436,751773,1329,29,56455
390,0122011221,27031,242,0,188,568946,480,12301,34707
391,0122011221,6357,244,0,76,380035,676,1502,86
395,0000001000,126688,37,17550,694,389781,1035,86,131
399,0122011221,7186,81,8,205,297832,190,59837,513
400,0122011221,5132,949,0,1817,410644,295,0,112
401,0122011221,56905,11849,0,0,490430,257,35,10341
402,0122011221,63737,149,0,745,904864,705,0,27440
403,0122011221,23951,8146,45,1107,608491,2098,268,189763
404,1111111002,33772,132,2432,218,435609,5152,19,424362
407,0122212201,7112,4913,2293234,144,437791,2092,840,3220
409,0122011221,19197,1382,0,3077,394929,17,0,838
410,1111111101,100472,28,0,42,105497,4397,0,4447
412,0122011221,28820,2547,82,190,695644,968,0,50610
414,0122011221,13164,138,59,251,563768,719,149,27168
422,1110001000,167178,74,14154,341,409552,9248,69,97
423,0122011221,21780,3333,0,79,637291,236,2422,459
426,0122011221,68696,16864,152,448,1451534,669,65,38981
430,0112212201,2720,945,1198044,45,297642,379,198,160
431,0122011221,7236,2709,0,0,310765,45,14158,1178
432,0122011221,55235,860,0,261,569767,875,0,288
434,2010011221,204917,4,78,78,141317,121,0,357
435,1111111000,28310,229,56,89,165373,9632,0,44255
438,1111101000,110657,760,0,42,139860,11014,0,62
439,0122011221,58461,1057,11,1,725749,288,0,5929
442,0122011221,53017,5482,36,87,1090817,986,526,11725
444,0122212201,8015,4395,2984748,275,576945,2711,3613,4694
446,0122011221,74956,45223,106,402,546341,360,3,26343
447,0122212201,4489,4656,2161777,419,372827,611,755,485
449,0122011221,33255,601,0,144,788620,526,21,316
451,0122212201,11256,1042,2551731,2162,527670,8154,2033,606
453,0122011221,17700,559,112,51,470955,192,0,32959
456,0122011221,8351,4562,2411,85,191820,162,541,181626
460,0122011221,32478,4730,0,3,256268,261,0,173
463,0122011221,9511,9869,0,184,511741,438,491,68464
464,0122011221,110725,19101,0,198,584227,1832,0,20254
467,0122011221,37704,1951,363,60,795711,725,0,4133
469,0122011221,63509,32972,380,148,672399,1178,351,1169
476,1132021111,76390,1631,2281,69,269294,770,2834,899
478,0122011221,70953,5472,57,932,737996,466,448391,68923
479,0122011221,59859,1598,96,52,426474,229,2343,448
480,1112211121,125761,5184,2580,625,375255,542,73546,26153
481,0122212201,3894,1409,821648,70,227979,145,151,15616
487,0122011221,60616,15977,355,465,689891,273,6276,53432
488,0122011221,41686,432,0,26,743832,401,0,33790
489,0122212201,8268,235,2053099,103,323007,521,288,110
490,0122011221,11965,802,0,0,227575,16,0,26
493,0122212201,7679,8389,3778045,390,886363,967,678,568
495,0122011221,74950,72322,188,624,1184768,960,38096,78538
496,0122011221,48343,102,0,136,911835,676,0,36639
498,0122212201,5028,179,1977592,255,414634,3896,1658,10678
500,0122212201,5270,264,2742030,319,530116,1490,1175,338
502,0122011221,37180,8620,0,187,474388,564,0,988
505,0122011221,16671,53481,0,8,892351,721,1579,24870
506,0122212201,4767,654,1478601,169,314765,8388,200,866
507,0122011221,84585,55008,22,172,1040405,2260,45,17591
508,0122011221,33330,56172,36,154,696451,98,1037,1214
510,0112211211,389345,8425,1034,638,1531664,1163,324054,114477
511,0122011221,5615,393,186,40,427605,213,1178,3433
512,0122011221,46067,4550,124,3411,713609,1413,96,235
513,0122011221,78457,633,0,149575,330004,337,54565,7974
514,0122212201,27661,238,3433516,704,712135,597,1860,2411
516,0122011221,38092,37888,120,13122,608484,637,224,1438
517,0100212101,102896,1076,10504,1143,375859,8180,22082,56473
518,1101001000,32372,5063,0,0,118322,2864,0,1110
519,0122212201,45040,14,651828,187,223864,599,197,41699
520,0122011221,54048,37585,2,292,734604,298,32,583
521,1112202322,152338,1245,67211,212,688926,7975,117,46522
526,2120212020,25655,2897,3666,947,787263,1599,3573117,5684
527,0122011221,19074,2773,26,87,889598,470,1952,505
529,0122212201,24813,1203,3007533,286,712722,1419,492,2241
530,0122011221,15236,69281,0,188,1374672,167,101,33822
531,0100212101,167341,444,1296,1268,652318,6793,3813,29658
532,0122212201,1342,13,1008153,27,189785,281,272,265
534,0122011221,9518,2821,0,112,510092,203,7252,66
536,0122011221,47720,77121,0,83,813316,1139,71,815
538,2120211020,79090,100,141690,336,235285,1159,165,291253
539,2120212020,10270,331,1131,590,581121,750,2698599,21555
540,0122011221,80179,7359,0,129281,618148,941,89801,2623
542,0122212201,27210,301,2124001,964,523395,1174,716,836
544,0122011221,36787,21209,0,171,509783,467,7679,28785
545,0122011221,31465,2138,0,248506,422750,1764,129649,9570
546,0122011221,6188,65758,0,17,720977,508,168,9198
547,1000001001,71931,155,194973,535,188491,1094,445,42904
551,0122211121,192447,106,2150,676,998618,8634,87842,84601
552,1110111010,72820,191,66305,465,306173,1264,148941,96052
555,0122011221,25052,194,137,92,724645,646,53431,62
557,0122212201,76147,176,1653975,259,444757,701,281,5758
558,0122212201,108604,289,1639109,465,574193,1043,171,2210
560,0122011221,48426,83767,0,497,729620,244,19,298
562,2120001000,61637,92,1982757,1079,514150,1458,155259,24766
563,0122011221,134517,68673,15,104,1219883,721,0,1572
564,0122011221,89366,68591,16,83,1587870,1715,72,18920
566,0100001000,29993,779,260351,261,429599,1467,31,774473
573,2121212221,62894,19,39476,451,266338,399,1601,464578
578,0122011221,7351,66,0,67,281405,70,691,159
582,0122011221,49593,53077,377,6238,1138120,1066,1749,267
583,2220212100,73312,87,17393,191,333976,474,1816,15368
584,0122011221,126030,62210,0,187,1099852,551,0,1366
585,0122011221,67298,97618,0,92,1040964,457,144,19623
586,2120211020,23995,56,0,238,369333,574,803874,950
589,2101212200,26495,145,946,330,235214,20386,0,309705
590,0122011221,18474,211,0,87,224562,158,0,1666
592,0122011221,21888,43740,0,799,990096,1196,210,257
593,2120212020,165998,13112,249227,315,711309,1258,491,1306
597,0122212201,103800,308,1046458,1345,367397,2409,253,64871
600,2120212020,120952,699,430572,2371,630911,12960,317,25533
604,2101212200,95767,160,551,407,305414,3624,0,428832
608,0202012000,28835,311,0,102,466591,6318,0,171327
610,0122011221,27952,108888,101,191,926888,367,0,4768
613,0122011221,99009,589,0,212,377783,420,0,0
615,2120212020,169105,1742,21142,1620,530077,17418,4648,3504
622,0122212201,34765,2624,1012688,3288,676061,25974,523,412099
624,0122011221,62195,47084,28,55,1151661,192,0,2029
627,2120212020,204297,1460,127656,2787,1126587,6228,374,3920
628,1111111101,47438,0,0,0,123852,348,0,0
629,0122011221,32193,51815,0,89,671414,780,177,46
637,2120212020,134651,344,14546,212,416491,917,6256,770
639,0202012000,4,139,0,14,327713,19522,0,449163
643,0122212201,72089,116,218,1191,152907,1420,0,14264
647,0122212201,131988,78,277163,750,1789716,899,1414,2614
648,2120212020,209076,35269,23586,731,508360,4408,0,908
650,0122011221,30536,9858,0,1900,225413,1368,0,1300
656,0202011000,26588,34517,0,431,790239,21321,0,68716
662,0122011221,67496,59672,58,319,599059,349,332,4723
669,0122011221,37859,33146,0,284,1006217,262,154,246
670,1122001111,52821,310,0,91,125156,77,0,306
675,0202012000,21040,3337,0,1765,485374,47090,0,259882
684,1100211101,54115,527,1674,351,170323,381,187,1074
687,2000001000,226,23997,35,1307,362440,7584,0,844417
688,1111001000,29681,3172,16,31,80715,39,0,18
692,2120212020,177242,112764,11248,231,477842,439,0,254
694,2120212020,207449,174630,6890,139,512108,8009,0,435
695,1111111010,86997,55441,167,59,1097051,156,135,117
708,0202012000,10579,759,0,122,430148,18511,0,81140
709,1001001000,22,62250,0,1993,1310507,115690,1174,613808
712,0202012000,36265,1764,0,218,511492,959,0,492697
722,0122011221,130993,48733,1574,253,1046550,806,0,997
731,0000001000,7860,396,0,164,2993382,42165,7307,1021910
746,0202012000,18954,49,0,3,244116,2232,0,183210
760,2010011221,81545,7,0,48,127334,1276,0,14231
768,1111111011,32293,49547,298,219,639366,485,0,1003
774,0202012000,20241,1228,0,38,489148,18627,0,260536
784,0202012000,16976,2722,0,246,287509,276,0,132673
790,1111111111,47674,21482,0,79,538510,591,9,66
801,1111111100,43056,1512,74,192,820113,174,0,119
806,2000001000,1964,58243,0,75,428351,51871,0,959319
812,1111111100,71396,42980,289,54,762061,442,0,304
817,0022211201,57437,49251,0,0,722591,36,0,817
829,1111011101,824,1167,0,140,1470311,65191,532,551069
835,1111111100,48230,1744,0,110,863448,6298,0,30264
847,0100211101,95839,54,117,78,153112,273,11,6842
856,2001212001,108389,27171,46798,905,375706,10643,0,924
861,0222001000,137876,28162,3313,155,678255,46510,6,1090
864,1111111000,96811,8559,60,65,516414,249,0,497
865,1111111111,41006,4673,0,207,600107,471,21,226
866,1111111000,4825,1571,18,18,161656,80,0,0
872,2001212001,54574,195,595248,693,323333,5393,99,956
873,2120212020,165925,858,9171,324,319125,5356,0,451
879,1110111311,38641,41,0,5,220285,29245,0,195946
883,1111101000,76390,28230,122,218,1054712,292,637,105
896,1111111111,11380,76098,0,48,425621,209,0,53
899,1111011000,33216,601,17,157,661390,144,0,312
901,1111111000,44286,789,58,81,712897,141,0,100
906,1111111111,13150,10457,0,69,270537,256,0,44
909,0122011221,226706,13150,807,99,1718098,23270,475,292
914,0022211201,34180,98161,144,94,1201818,111,0,62
917,2121212001,168987,862,5042,2515,346670,1184,41,587
922,1111111000,81579,6216,460,125,808613,224,47,23
923,2120001221,53865,5335,2192,291,260367,249,0,72228
926,0022211201,69977,87730,0,13,1623407,764,11,352
929,1111111111,77910,322,65,110,974064,74,207,21
939,0000001000,221650,2627,6385,102,403396,191,0,7882
941,0022211201,101724,39750,0,1194,890805,373,0,26001
949,0022211201,37453,181459,0,106,1823674,301,26,54
952,2110111111,23771,10,0,1,309957,6555,0,213761
953,1111111000,97027,47853,3,68,1094133,192,0,30
954,0022211201,36179,70475,0,110,950292,4386,0,196
955,0020201000,33039,19560,12,11400,780434,5716,0,111189
957,1111111000,14956,133,0,0,432992,0,0,74
959,0122212201,45781,113,8860,130,208026,7112,13,47111
960,0022211201,54801,110945,0,11,1335724,160,0,19
964,2001212001,288961,32260,4175,446,425801,12155,0,58010
965,2001212001,148237,13827,106943,196,380066,1757,13,1418
972,1110001000,97396,106042,117,205,1309781,109,124,72
981,0022211201,72370,131625,0,63,1394428,1075,0,199
983,0022211201,33595,30427,0,32,393937,91,0,25
984,0022211201,49877,48655,6870,84,1335645,153,0,34026
986,1110111100,61071,843,0,36,1044251,320,45,20
989,1111111201,37604,25118,0,0,434301,13,0,16
991,0022211201,107518,130489,0,102,1630937,174,312,1978
992,2110111111,4749,1893,0,63,567614,511,0,2004658
994,1111111110,43635,39277,2,149,873839,4076,20,57
995,1111111010,9088,0,15,0,132645,562,0,188678
997,0022211201,133661,91848,74,752,1547852,1081,3,277
1004,2001212001,56071,3266,318792,169,218122,163,0,163
1007,0111111000,65433,64033,38,415,1266603,174,588,829
1008,1111111101,39352,798,0,9,426770,97,237,0
1011,2001212001,353624,147865,644,431,471591,2014,0,4259
1013,1111111100,58928,6926,16,80,648092,399,203,92
1015,0022211201,27418,62986,0,28,1055091,303,0,970
1016,0022211201,32978,39969,0,120,1057398,208,0,43
1017,2111111000,189842,71365,0,242,414587,85,0,50947
1021,1111101110,63422,25276,616,78,813706,205,19,57
1022,0022211201,140775,154401,9,75,1494398,116,0,280
1025,1111111100,44604,4383,7,124,320089,0,0,177
1028,2001212001,37806,15,249015,273,203018,50,0,240
1029,0022211201,112712,72866,0,346,2151886,356,85,405
1036,2122211021,14361,315,0,6673,238746,276,7904,794163
1038,1122211021,11163,818,0,10037,465426,541,6293,1356086
1039,2001212001,263420,267401,989,540,513087,527,48,64838
1041,1111111111,92185,171686,348,725,1533572,874,28,125
1050,0022211201,56633,101724,1,264,1402210,299,21,109
1052,2001212001,275099,21976,1117,385,384517,8784,0,136
1055,0022211201,95896,103475,97,74,1602001,34,0,11448
1061,1112111221,69519,27087,0,58,1108818,227,0,132001
1065,1000001000,117872,5207,5784,255,355391,230067,0,493170
1066,0100001000,108796,22778,793263,1024,600558,13774,14,341
1067,2001212001,497178,128689,1769,354,617368,1860,0,707
1068,1111111100,89199,78448,0,207,1640937,461,7,102
1070,1112101000,46572,2725,41,323,798265,933,0,576
1075,1111111111,16904,3118,0,63,471352,308,67,132
1077,1111111000,72478,184098,60,311,1629279,158,0,35
1082,2111111111,712,13,0,0,96175,179,0,173038
1083,1111111100,30071,5121,92,74,671779,424,0,1293
1084,1111101000,118034,1143,0,2756,574615,379,42969,187934
1087,0120001000,259949,871,305457,333,404661,16787,68,62
1089,1111111101,245328,14834,301,399,354514,620,0,12287
1090,1111111000,57495,93600,17,215,1244401,383,76,177
1091,0022211201,42430,56545,0,0,489414,160,0,121
1097,2001212001,141072,626,93,847,477636,5092,0,1116
1102,0022211201,4953,13229,175,197,299943,108,0,86
1103,0022211201,45329,56472,0,25,568377,46,26,4
1104,0022211201,53447,93421,0,74,1254152,258,0,406
1105,1111111110,269265,29425,127,364,434728,411,0,26
1106,0000001000,175986,405,0,320,207480,368,0,220
1107,1111212222,721,0,0,0,69279,48,0,455604
1110,0100001000,95083,130,643040,5,483225,30881,0,8806
1112,1112111211,28023,4607,9464,750,680587,1215,2160,1769541
1114,1111111000,31536,15768,0,106,531822,39,0,225
1115,2111111000,94321,0,0,2,368330,89,0,13753
1117,1111111100,149969,23499,0,29,473548,399,0,334
1118,2120201000,132233,90,2615,160,192712,6868,0,30
1122,1111111021,7714,71,22,2,317671,4279,0,553483
1123,0120001000,160830,847,255252,176,249624,4179,0,689
1124,0022211201,67123,64990,0,0,702229,78,3,0
1125,0110001000,159237,289,424210,425,492832,131,31,366
1127,1111101000,72315,78890,90,182,1000213,1006,11,265
1131,2001212001,174220,9817,6,111,1282731,4428,0,48
1134,1111101000,90260,14290,25,49,513117,498,75,1162
1135,0022211201,113393,174178,38,136,1812331,758,64,207
1138,1111011000,19942,1701,0,30,467274,223,0,185
1142,0022211201,44543,64280,0,248,1458220,214,0,12
1143,1011101000,6709,6323,0,77,433423,4376,14,571562
1144,0110001000,153050,106,138,69,633104,2379,0,58
1147,0022211201,11474,20666,0,110,454065,460,0,6476
1151,2001212001,258461,15186,404,55,503384,690,121,223
1153,0110001000,131175,147,1418493,91,423198,18259,6,602
1155,1111001110,117918,95615,369,75,1172394,92,120,832
1157,0022211201,37607,18854,107,343,487891,546,0,240
1162,1101111001,71811,2498,0,35,188427,151,0,9535
1167,2212211101,79795,3469,2830,61,354814,68,0,152779
1169,0022211201,10304,42539,0,317,599895,412,0,141
1181,1111111000,71050,14293,0,50,671678,310,0,241
1183,2001212001,223176,94766,217,236,297948,411,89,727
1184,0110001000,202347,586,1183,363,395177,530,36,126
1192,0022211201,68585,65776,0,210,1355051,600,17,57
1195,2001212001,202092,15668,468,26,265884,823,0,4
1198,0120001000,126128,68,275,0,208390,1765,0,90
1199,0022211201,63080,54721,0,28,375706,31,0,7506
1200,2212211101,111261,4434,1135,9,363035,435,71,95
1204,1111111121,19811,108,0,162,330963,3218,0,370830
1205,2001212001,345354,12931,749,78,762340,619,143,35
1206,0022211201,177329,21417,90,204,1045812,1831,0,170
1207,1111111121,97754,91,0,276,642376,6632,0,564536
1212,0022211201,65067,75738,17,386,1237299,644,0,188
1215,1111111120,92315,5352,0,19,278723,329,0,20444
1216,0120001000,145623,9772,22119,504,381027,290,51,198
1222,1111111010,60418,8021,0,160,481407,303,0,11066
1223,0100001000,272855,1014,21196,281,428909,823,0,591
1225,1111111000,263,1537,65598,289,201620,552,0,334405
1226,0010001000,236672,2391,1903,392,409994,9139,0,377
1228,0022211201,37021,36608,61,120,807656,57,0,23323
1229,1111111202,7646,3632,0,0,347473,224,0,109000
1230,1102112211,40539,6550,0,0,521937,257,89,337
1231,0120001000,235311,284,81,480,466265,500,0,566
1237,1111111102,9741,298,0,5,525975,46,0,102
1238,1111111000,57745,177,0,204,1054404,16193,0,238295
1239,0022211201,17519,2821,0,70,231344,185,0,15
1240,2011212001,129246,1492,63,57,282959,416,0,20
1243,2101212001,207719,98,245,243,340365,287,0,7
1244,1111111000,23514,2683,0,0,554313,15,0,6
1250,2202212021,411011,27266,1881,386,705883,14731,0,551
1252,1111111111,64778,2553,0,54,903806,90,0,246
1256,0022211201,68866,107079,0,143,806197,391,0,217
1257,1101111121,28263,11446,0,105,732464,879,0,23070
1258,1110101000,40056,3624,0,0,114731,147,0,186728
1262,1221111011,90906,66,302841,45,403082,3271,52,110148
1266,1111101010,56247,38461,85,62,916260,276,0,83
1267,0111211220,110773,136,146,240,403981,13529,0,39507
1269,1122112211,20486,46,0,47,230400,16772,0,135
1272,0022211201,2068,957,0,64,200928,160,0,69
1275,0000001000,172039,87,113,89,420824,6166,0,14
1276,0111211221,45697,12542,351,77,474710,652,0,1444
1279,1122012211,70802,718,263,53,377374,467,0,1422
1281,0000001000,143227,69,1100,227,184014,275,28,202
1285,0120001000,197793,1267,456,176,577321,6341,0,162
1288,2121011111,36185,99,894668,1,155237,752,42,37605
1289,0022211201,17990,67,0,0,213325,4,0,14
1291,0100001000,139914,58,1011,120,213537,5977,0,58
1292,1111111131,34901,3122,0,45,553317,40,0,12
1296,2001212001,181615,95,335,26,235681,66,0,29
1305,0022211201,35429,1929,0,205,345315,400,0,4
1306,1101111121,124131,0,0,170,443129,5168,0,1260
1307,0110001000,292436,600,361,243,557998,401,87,149
1310,2001212001,325245,31755,172,229,422714,17427,0,12384
1313,0000001000,104017,1605,0,279,339648,941,0,32
1319,1111111111,2670,2455,867407,19,606365,2542,893,332322
1321,2011212001,157815,86,619,149,997501,2941,557,70
1322,2111111110,31787,737,1369223,35,753890,13480,2051,100431
1323,1111111111,45420,10813,79,200,631926,2267,83,762150
1325,0100001000,114435,0,73,224,446283,2543,0,13
1331,1111111101,504799,36,111,261,1850475,13371,113,33
1334,1111212001,265906,18796,65,54,327676,1143,0,50
1339,1101111121,36280,238,6722,1230,262797,41,0,1702
1342,1111111101,59,2165,1897964,9,1742945,695,1830,107985
1343,0101111000,138375,12475,148,461,1412899,2278,540,364074
1347,2001212001,166484,26337,315,10,1135517,4780,42,84
1361,2212211101,77585,78,0,529,438719,259889,0,584
1369,1111211101,295023,126,411,186,557369,2244,182,252
1372,1111001000,40363,42,0,114,367007,3775,0,236104
1374,0120011200,84008,89,128,140,508415,14521,158,107
1379,1122111211,5604,5470,52391,120,139526,224,0,9600
1381,1101111120,73250,4917,0,259,370651,797,0,315
1384,0022211201,125632,20159,0,1134,631379,521,0,336
1386,0110001000,155265,105,0,32,517429,9742,0,192
1391,0000001000,300304,1873,38,159,724535,4521,41,234
1392,1111111111,32863,8759,976,179,495273,365,0,419556
1393,1212211101,223680,2932,0,840,837284,21090,70,198
1396,1111111111,11898,16,16,20,57389,71,10415,343622
1400,0000001000,150259,28,0,80,345429,6870,0,58
1403,1101111121,73510,694,0,132,513513,696,0,101
1406,2212211101,21206,89,134536,343,340587,214,0,10847
1410,1111111111,2158,0,0,0,220240,28,0,106080
1418,1111111100,6051,51,0,16,155522,220,5778,139353
1419,1111111111,136250,931,45,265,448522,940,0,617917
1420,2212211101,280842,9435,112,205,1049974,6620,0,1309
1422,2111111101,10522,0,729063,56,206704,8214,62,11550
1433,2212211101,258878,5051,596,469,1148654,523,0,4218
1434,1101111121,134075,1659,64309,23,250162,76,0,46
1435,0022211201,113442,73,699,68,304057,938,0,1367
1439,1111111000,58513,100,365,88,395933,698,0,428854
1440,1122111101,20864,444,150794,449,193284,367,0,33
1442,1111111000,9770,5381,518525,103,356599,1545,50,108163
1445,1111111100,68380,90,23,80,466142,387,0,257655
1454,0110111000,306824,592,183,4540,503994,381,60,211030
1455,2212211101,212054,19,0,152,2219582,13927,217,25809
1458,2111001000,59500,1106,1291765,31,246858,20445,218,56663
1461,2110011000,886,1729,837746,0,591366,36,705,24032
1465,1111111313,33601,1208,2342362,309,1244232,3373,1354,54142
1472,0000001000,64032,73,29016,338,381400,751,0,8823
1473,2212211101,179609,11835,0,191,370870,226,0,103
1477,1101111121,36229,5904,0,353,289224,115,0,16872
1479,1111111111,238867,1460,111,24,390305,8631,0,51292
1486,0001211001,87582,18,84408,9,542608,357,0,6817
1494,0111111111,312802,5399,287,719,1129470,85446,14,61762
1495,1111111000,142928,19627,5,94,126386,177,0,37
1497,1122212221,310196,125,82,110,343459,396,0,258
1499,2212211101,1493,0,0,0,360058,38,0,113540
1506,0110001000,137345,121,425,45,449505,11081,8,455
1508,0110001000,29712,6,0,82,231340,311,6651,44
1509,1111011100,130401,50,16,98,218003,1283,0,55983
1512,1110111111,167093,134,0,58,401701,5472,0,951
1513,1111111111,256484,140,44,271,778035,3939,0,401841
1515,1111111000,20207,40,388399,19,288027,397,19,616173
1516,1101111121,18587,111,0,318,400341,2274,0,105
1520,2212211101,41645,49,0,106,417022,1185,0,41754
1522,1111111111,3311,353,241538,125,233620,555,0,476818
1528,2110001000,113052,269,1641173,192,269302,22588,313,5263
1531,0000001000,334214,131,82,132,450977,7631,111,5634
1532,1111111000,246550,22678,6801,671,329666,1009,3858,1693
1534,1111111111,228877,7622,794,302,586079,5121,275,1609
1535,2212211101,1156,21,0,214,383360,305,0,276911
1536,1101111000,15096,696,0,228,278976,0,0,67373
1539,1111111010,113229,4328,0,290,226771,3652,0,12930
1540,2202211201,172849,19142,174,120,317749,21865,0,60499
1545,2212211101,78893,1009,0,216,660098,298,0,9844
1546,1111111110,13254,2243,834012,116,399182,521,0,590148
1547,1100011000,124203,128,0,103,219040,26540,0,6527
1551,2202211001,40145,57,37,59,199282,617,5,68
1553,2212211101,29973,1214,73,385,204534,163,0,12499
1556,2001202001,137039,184,160339,21712,1121455,2702,0,4306
1560,1111111100,679,13,71,0,70814,44,52250,454197
1561,1111111111,235297,3291,85,90,685097,529,0,4665
1566,1111111110,1588,6,914868,338,288783,7609,0,187619
1568,0000001000,125989,311,18,51,241387,93,1,14944
1570,1111111000,165,58,0,129,187203,169353,0,7679
1574,1110011001,198768,1899,0,54,276767,58506,0,179
1575,1101101000,81519,0,0,164,413103,3948,2419,20745
1576,1101111000,28112,401,0,170,248294,4283,0,0
1578,1121111111,53403,5468,5462784,747,459745,2346,451,16489
1593,0022211201,178291,594,0,156,250369,257,0,66
1595,1111111111,240743,6509,0,139,347954,5607,186,83129
1596,1111111101,146019,72221,283,181,551040,1137,0,10859
1600,0002001200,267194,21720,116,188,416744,671,0,778634
1601,2212211101,5082,0,0,145,427155,1063,169,108665
1605,1111111111,147,36,186712,269,262607,457,1,415389
1606,0100001000,92711,321,62105,217,498617,6981,0,1498
1608,2212211101,12870,898,22,136,203893,444,3645,147646
1613,1111211100,48389,2297,979524,23,218539,607,352,84358
1614,1111111100,260854,16856,1,359,446819,7025,0,322
1615,0000001000,32469,0,0,319,267935,48723,0,105112
1618,2212211101,69744,39,0,213,502498,734,0,12615
1627,1111111111,14948,37,70089,8223,344866,529,83,639034
1631,0000001000,277895,467,62,52,324813,7188,0,18286
1634,2212211101,74390,323,0,131,1083683,61,38,81449
1638,2212211101,25886,0,0,41,334080,114,0,153464
1641,2212211101,43813,123,0,304,379788,149,63310,2869
1642,1101111121,6588,460,0,47,238461,50,17034,83406
1645,1101111100,36785,1515,0,104,608384,5492,0,163
1648,2212211100,22142,313,0,114,288809,144,38249,66102
1650,1101111000,29963,39,0,39,348332,58,0,37
1653,1111111000,176062,2743,86,0,262116,4289,4485,0
1656,1111201000,42793,1064,2396641,215,763638,8867,937,4299
1661,2202211201,353266,7346,197,92,448723,3387,24,27138
1663,1110001000,5915,192,719094,149,462022,332,116,200074
1667,2001212001,83772,3144,242066,60,584593,14589,0,2251
1668,1110111000,23571,720,0,326,224170,29,0,159783
1669,1101111120,210804,861,17,268,432580,5144,83,7
1671,1111101010,23074,58,174865,76414,227799,538,0,296819
1678,1111111111,17513,2006,619,0,299329,24,0,456601
1680,1101111101,52876,36,0,35,297985,12392,0,3494
1690,2212211101,78927,5,0,412,1105930,2980,0,2710
1692,1111111111,80581,795,86,638,413978,244,211,77141
1693,2212211101,106414,56,0,7150,446992,2350,0,5138
1694,2212211100,62022,0,0,64,1113476,102,163,47
1697,0000001000,227161,683,928,11,377135,967,4,71856
1705,0000001000,89352,906,0,36,256967,5808,0,112
1708,0000001010,15695,15983,74,153,270916,462,75,744987
1714,1111111100,142330,256,2,0,214995,290,0,1848
1715,1101111101,4287,980,0,285,398523,443,256043,120861
1717,1101111001,77350,32037,0,106,372370,338,0,39
1719,1111111010,86,18,935,86,77644,69,0,186315
1725,2111001000,33723,5869,1291936,156,607269,5273,116,101905
1728,1111111110,78623,6472,248,363,277159,813,0,56
1731,1101111121,24425,7828,0,73,234498,48,0,14
1733,0000001000,120451,159,108,22,369636,6552,0,141
1737,1111111111,31684,396,3,2,62239,660,0,95693
1739,0101111100,35038,5178,97355,16,368442,50,0,19
1742,2212211101,34142,667,0,229,714460,428,192061,6818
1746,2202211201,23328,1188,32,0,128712,105,0,26
1754,1110111110,13875,63,0,712247,516134,1075,3998,193746
1758,2202211201,333569,9021,590,94,516025,2039,0,458498
1759,1111111100,159142,75063,161,216,428304,3358,0,142
1762,0120001000,114608,394,16444,192,616531,37082,114,33187
1769,1111111111,266453,82231,0,415,389259,518,0,213
1773,2112001000,42318,61,1903319,20,432365,662,235,90757
1780,0021211001,74398,1346,1341612,114,557468,7857,195,3198
1781,0100001000,63266,7132,235,155,1200676,36787,32,1980
1783,1112211201,181511,39,0,11,217409,3442,0,5
1786,1101001000,47588,509,1272,176,378428,19988,0,80
1787,1111111000,1660,0,465,62,195546,68,0,456233
1788,1111001000,88797,3958,0,446,393031,16959,97,3205
1789,2212211101,90292,187,0,353,561775,80,0,127
1790,1110101000,100003,845,0,389,395635,2204,4,103
1795,1110111111,76387,2428,30,3625,551324,891,0,1727495
1799,1101111121,71317,47,283201,174,276477,1243,0,80
1801,2202211102,59331,29,191,120,180312,496,0,546
1810,1110101000,0,8,32,0,90821,6407,0,284964
1811,1111111010,128178,61,368,50,391618,907,0,458
1814,1111111101,1476,170,1049171,25,222729,5553,0,180537
1816,1111111100,1074,0,17642,37,144918,4622,0,272619
1817,0100001000,49375,73,1145,53,239904,1139,55,32807
1822,0000001000,6351,870,0,288246,290408,29905,177929,14833
1824,1110001000,7351,655,0,33,71571,191,0,295756
1829,0100012201,14508,85,1046,99,207669,4234,0,142619
1830,2212211111,28981,468,90,843,1811912,764,57302,17387
1831,1101112101,65281,1075,0,62,616139,5003,53,8791
1835,2110212001,147987,125,0,271,596353,802,27,21638
1837,0000001000,361176,2484,3341,174,473641,270,0,66793
1839,2111212001,189907,5486,989,137,681240,178,0,10426
1843,1111111121,483,0,2164,7,250836,5015,0,515403
1848,0120001000,168016,7,151701,54,520981,17151,0,36108
1849,2212211101,81927,62,0,692,679033,8200,0,228789
1851,1110001000,14005,0,544747,52,204124,26915,37,32
1854,2212211101,34218,0,0,52,1159939,231,0,24469
1855,2111212001,115101,229,1381422,188,394752,726,47,380
1857,2100212201,199363,1243,3705,139,443124,10233,5,299087
1863,2212211100,220220,24,0,7139,493159,860,0,432
1864,2212211101,178683,298,151,2674,564903,3679,128,16750
1869,1111111100,23687,20,349952,46,265824,118,117,341994
1872,1111111111,25053,81,0,371,348567,3897,0,0
1884,0000001000,11830,9197,197,267,530597,12266,0,1278276
1889,1111111100,152551,49979,106,1233,380424,254,0,215
1896,2202211201,53122,6554,123,141,219632,8562,3773,93374
1898,1111001000,1318,0,2106,0,160491,119,0,279755
1903,0100001000,39545,0,348,28,223837,455,0,42885
1907,1111111111,252001,1054,0,1184,376669,2756,17,3075
1911,2202211201,170308,288,41,101,203582,184,0,306
1920,1122212221,29717,450,711,45,444519,442,88,694176
1924,2202211201,156723,18,20,19,322748,561,0,49
1925,2110212001,233948,2643,0,247,479002,39396,2703,100475
1926,2212211101,58053,7241,0,4158,666012,583,0,159
1930,1111111000,130813,73,52,15,269958,378,0,62
1935,2111111121,55506,0,0,68,438670,1943,0,61140
1938,1111211200,55781,99,1400459,68,714228,5880,5,976
1941,0000001000,287849,32,259,33,419228,11381,26,98739
1945,2202211201,154904,15,30,0,212340,1341,0,5704
1946,0000001000,60485,40,43,7778,432249,960,7617,936565
1951,1111111000,121556,10223,156,1003,414946,98,0,56
1952,2212211101,235832,671,0,16144,443016,775,0,33901
1955,0000001000,13675,370,0,52268,487762,1244,0,568439
1960,2210211000,67693,83,5,4558,279463,2592,0,4283
1963,1111111111,24348,85,246036,78,247443,5609,0,381905
1965,2202211201,203683,11904,0,1329,727642,608,0,9803
1966,2212211101,142635,295,0,15335,399925,1465,0,834
1971,2202211201,314084,108,469,106,477890,48654,37,6495
1973,2110213001,246339,13137,152,10,504811,13163,0,48
1983,1111101000,8788,47,1883483,121,1457362,5517,0,171409
1985,2212211101,169411,15,51,267371,460186,7306,0,164557
1988,0000001000,23292,0,0,0,99402,4,0,347619
1989,0000001000,6069,21,0,97,208896,377,0,186448
1995,1111111110,4980,554,2112711,40,1581913,2152,978,219242
1996,2202211201,100582,9,189,50,321563,11363,0,9533
1997,1111111111,113113,4131,6930,3760,214766,3535,3244,2599
2001,1110101010,47026,45,0,0,91524,4398,0,1744
2002,2202211201,65826,7,25,98,325782,6462,1657,33866
2004,1111211000,23884,13399,1257195,15,263194,6866,0,33841
2005,1111111111,173911,1042,225,158,362643,2708,0,149821
2015,2110212001,75810,9386,697,332,448696,5999,0,332
2017,1111101000,35593,3436,1703295,0,438445,596,0,345724
2020,1111111111,43978,5515,526,50,214677,21594,201,27359
2023,2212211101,177999,218903,47,18477,576429,1553,0,78095
2025,2202211201,96000,41,43679,0,224579,5931,0,166
2030,1111111000,200380,255,0,61,275928,292,148,1556
2032,2110212001,69575,27,298,104,350982,297,0,4611
2033,2110212001,162565,23768,242,93,535348,1576,0,634
2045,0000001000,84982,673,29,1548,465350,13805,0,554796
2046,2110211100,300974,1076,3524,518,553039,6347,0,1226
2049,2212211101,257679,11222,122,75936,440477,7968,13,14420
2055,1111001000,637,276,357842,259,164950,427,75,455765
2063,2110212001,24998,2652,3875,613,331289,660,0,974
2066,2212211201,134587,5112,23,59,674172,374,0,238063
2067,2110212001,96492,5656,0,36,528398,1460,0,4271
2069,0000001000,10859,101,0,1393565,258183,3206,0,298142
2079,2212211101,158183,7769,77,60981,366174,329,282,18984
2080,2110212001,235702,244,13891,302,262955,230,61,68608
2082,2110212001,56264,508,120,92,649965,5063,0,120
2089,2212211121,259092,62,177,81361,521303,8789,0,64378
2097,2111111100,10468,808,989958,18,257582,63,0,139692
2106,2110111111,155142,11291,19885,192,295641,133,0,12055
2112,2121311131,38981,3078,1242828,82,525555,5269,1123,12725
2118,1111111000,67366,5402,51,101,476606,181,0,161
2119,1111111101,141864,12693,0,6476,419747,10130,0,55330
2120,1111111111,642,52,0,71,117609,5192,0,339561
2121,1011101000,111694,420,202,1111,309735,5569,0,166
2129,2202211201,105454,0,83348,0,171437,572,10,170
2137,2202211101,39311,74,0,152,299771,15079,0,146
2138,2110212001,306083,193,1822,199,641688,63073,0,4903
2140,1122212201,78431,1910,309,81,281728,5452,13,200026
2146,2110212001,258418,16499,54,64,377987,212,0,169
2147,1111111100,9875,0,212272,180,202073,580,0,196234
2150,2212011101,38165,0,108722,89,183414,584,0,75
2153,2111011100,405,2831,401352,0,296206,852,0,379689
2158,0000001000,20205,1034,0,208,274114,3330,0,574926
2160,1111111101,134898,317,204,0,167536,3991,4,2767
2162,2110111111,17307,2542,35225,46,429093,8034,0,91
2164,1111111111,117780,22,84223,84,155174,737,0,107
2165,1111111000,235703,5143,233,33,245439,240,0,119
2166,2110211001,137385,28,186,87,369449,162,0,294
2167,0000001000,38857,4192,6,74,618627,870,0,1087976
2174,0000001000,7390,56,3,459789,1063232,58654,9,928998
2175,2110111021,3279,6077,1372,5279344,365098,35451,119,72513
2178,2111111111,42349,1255,1085702,304,172863,6552,0,601
2179,1111111111,13794,76,0,165,270761,2962,0,50
2180,2110212001,76285,115,0,0,218385,77,0,314
2183,1111111111,71806,198,0,751,331871,176,0,7
2184,0111111000,2364,1586,115,5,110813,7825,3379,305973
2187,2212211101,49537,46,131188,37300,198033,381,0,17652
2188,2202211201,96639,99,409,5194,348704,32118,339,298539
2190,2110111021,13023,36,91,3446736,370751,26169,18,128005
2195,2110212001,73593,84,74,16459,333240,589,0,30235
2197,2110111110,14043,3909,552857,5,451404,23213,0,25285
2204,2212211101,78132,1533,2,122,230287,976,0,80
2206,2202211201,15364,94,131540,98,69305,145,0,91
2210,2212201001,175087,168,330182,79140,417224,1488,0,131
2215,1212211221,70600,3538,150416,16,190407,14,0,409
2219,1110101111,0,151,190102,0,179250,2905,0,579014
2221,2110211000,85829,5381,37916,130,246177,25,0,168
2228,2202001001,59106,1699,22201,3248,257550,2187,1687,5983
2229,2202211201,112474,6637,19,116,222306,4030,2,28501
2230,1011101000,9253,10,0,1061973,243467,237,0,166312
2231,1111101000,0,0,0,0,95155,0,0,1065
2234,1111111000,533,10,250715,17,176756,71,101,340617
2235,1111111111,226613,16205,0,994,338488,57,0,109
2236,2110211001,188522,15,0,152,435016,42032,0,46
2238,0101011101,11414,66,542798,4,113004,3278,0,31043
2239,1111111000,1116,1886,0,3290811,434135,260,226,532441
2245,3013111133,16147,2990,617619,3202,152655,6013,2331,27698
2247,2110111111,21279,4981,239,148,231622,419,0,207268
2249,1111111000,290176,22,80,40,407436,6910,0,59
2251,1111111111,65446,3,0,106,240673,6,0,22
2254,2110212001,298657,340,328452,41327,497442,5490,98,486
2255,2110212001,161874,3762,6230,67,430509,23201,0,13633
2260,2110111021,326,713,74,2163306,226696,584,0,73109
2262,0000001000,49904,413,0,531,424894,1453,0,603232
2263,2110111111,162958,43,2582,97,346871,7745,385,2568
2264,2202211201,76269,641,0,5763,267370,5134,0,168769
2265,1111111000,55487,3952,0,35513,273125,4845,0,607
2268,1111111111,81210,1403,0,336,422523,223,0,21
2269,2110212001,160044,1335,2377509,58979,678145,3087,0,577
2271,2212211101,50576,190,0,46,413504,14348,0,1407
2278,2202211200,57995,159,3347,9,130958,6486,0,391
2279,2110212001,181018,99,364,19488,296186,185,0,200
2284,2110212011,45108,681,0,45,417666,6796,0,19
2292,2110111111,73720,20,82,28,258969,2946,0,6596
2296,0000001000,18113,2496,89,644,543589,1089,9,969026
2303,2202211201,112300,226,110,124,412449,9020,34,255579
2306,1111111000,33131,1086,32,128289,235493,3842,0,14847
2314,2100001000,101532,0,1688,0,1426394,10463,134,52
2317,2100001000,129057,19,7361,255,329129,500,0,5808
2318,0000001000,45204,1346,0,108,323286,1306,0,683750
2323,2110111000,146034,7011,33,101,540946,24441,0,192
2327,2212211101,115386,17891,0,0,743184,21217,0,361
2332,1111111111,74603,24,0,320,285540,8,0,38
2333,2102211101,252479,168,0,133507,418954,900,0,782
2334,1111111111,207210,164,0,81,409819,2,0,46411
2336,1111111000,92352,64,20,86,405737,263,0,109
2341,2002211201,26257,149,169,205,72582,228,0,2023
2343,2110212001,277163,94,800,7397,646397,504,0,206
2352,2111111121,1524,4394,815775,138,281681,105,35,41
2354,2212211021,206189,28205,3273,152,1067466,1278,1328,1564441
2359,2212211101,164641,189697,4,583,836861,974,0,353
2361,0122211101,524,54,6280,90,364333,136,0,301118
2365,1111111111,115948,61,7,105,359645,308,0,88
2366,1111111100,155423,1465,0,479,598036,536,47,124
2367,0000001000,30922,3899,16,5251,495336,527,6,644708
2368,2212211101,62862,22,0,256,613765,534,4705,169222
2370,2202211201,66,13443,39,319413,883076,1082,104,326240
2372,0111111111,106344,30,0,635,408423,295,0,18149
2373,2212211101,187936,471,25,4228,475271,1845,0,136488
2374,2110111000,58518,0,6,19,335517,930,0,29
2375,2110101000,80350,55,150,102,290893,298,0,133
2377,0000001000,209739,5,79,1,263906,116,0,16
2382,2212211101,262603,1155,33,25027,494759,5462,9,111416
2388,2110101000,147454,1,0,3,509518,12169,0,12625
2395,2222211021,109,1631,1093001,691,359166,1923,0,51738
2396,2001001000,327458,4480,167,96,178819,70,295,23955
2398,0000001000,49218,322,612,102,596420,1048,0,561590
2402,2222211021,20440,2521,297572,115,457614,903,8,322926
2405,2202211101,63659,2518,118,281,454923,197,0,193719
2412,2110111111,159908,4,434,105,1064270,193904,9862,64575
2414,0000001000,693995,20032,212,673,760369,8084,23,94128
2419,0000001000,521921,19879,485,230,534585,11103,0,910
2422,2212211101,118876,9,0,235,373523,1641,0,25523
2425,2111212211,650662,1680,15,1794,823007,126553,0,2639
2426,2110111111,15318,3253,0,0,199619,6941,0,2
2427,2000001000,78526,0,24,44,276085,88,0,72
2428,0000001000,30474,33,43,17,1701290,8,17,48
2430,2110111100,95763,87,27483,140,420183,1521,0,7336
2431,2111111111,18990,43,119474,48,312384,1889,499,395722
2433,2111111111,18874,493,0,19,880441,6905,0,0
2434,1111001000,45045,17,5,69,523159,136,0,6271
2438,1111001000,52686,12785,11519,787,388989,348,0,326838
2444,1111201000,174779,376,84251,51554,500765,2417,0,60754
2445,1111011111,129496,1170,0,99,417692,36628,0,29
2446,2222211021,1688,7,980650,420,306844,7736,590,146164
2447,2102211000,20470,2000,0,2136,357138,4397,0,374076
2448,0000001000,3453,151,25,125,732846,5177,88,446124
2450,0010001000,253809,76,168,537,498649,89,0,155
2451,2222211021,50823,87,231502,12,451623,2751,34,857397
2452,2110111000,246345,111,3972,165,759864,2948,123,18987
2454,1110001000,114301,14056,0,210,360116,164,0,302
2455,2212211111,184130,5502,10,410,597726,1935,81,383
2460,1111001000,123313,6574,56,265,491530,375,0,73
2461,2212211101,109017,121,85,115,354576,2303,0,41583
2462,1111201000,138318,1308,71782,783,325044,1437,0,41908
2464,2212211131,108044,171,200,14317,332331,1677,171,638
2467,2110111111,59019,0,0,28,163275,221,0,37
2470,2111111101,94180,126,32149,73,2313392,864,111,3564
2471,2110111100,15602,312,40,1566,487518,1580,0,398
2474,2000001000,238982,318,114,18,157876,55,0,119
2482,2110111111,17273,20572,82,272,691359,579365,410037,646246
2483,2110111111,36505,2,0,65,119424,47,0,0
2485,2222211021,3520,174,29482,5,149555,131,0,259684
2487,1111101000,120610,5,279,363,717025,221,0,569
2489,1111111000,71619,271,0,105,551742,1363,10614,234358
2495,2222211021,50134,105,62,17,176864,132,0,251757
2496,1110001000,1005,23651,132,1174,1733227,1411,351,573890
2498,0000001000,443640,1233,49,205,411735,3422,724,453
2500,2222211021,19991,13,110776,40,316138,3815,0,392896
2502,2212211101,114893,1390,232,1810,716790,25224,51,2182
2505,1111101000,45107,33,51,155,228844,22,0,76
2510,0000001000,29659,18,639,168,406784,208,81,84
2512,1110001000,247316,3081,23,497,368350,767,0,67720
2517,0000001000,52315,0,99,144,83721,2742,22,246
2521,2222211021,11361,15467,211745,124,317484,228,0,697622
2522,0000001000,379084,3033,0,43,311352,86532,0,135228
2524,1111201000,56536,1181,0,94,967974,666,0,69
2527,1111001000,283526,4660,0,359,877291,618,0,44021
2528,2110111111,123297,130,20,200,520807,264,0,169
2529,2222211021,1184,5251,894811,30,281959,4066,0,21338
2530,2222211021,11275,4301,200791,72,326378,110,7164,494081
2531,2110111111,483921,4282,340,807,647687,31545,107,197661
2532,2110111111,139510,1714,506,561,656965,14288,14739,104165
2533,1111101000,135623,128,140,557,3304379,547,220,2768
2536,2212211100,21674,43,46,647,395137,66,0,188473
2537,1112211000,95040,6748,0,736,432473,214,0,3788
2538,1110111000,37847,42,258,237,170903,374,0,43
2542,2222211021,33875,0,35850,105,305446,404,0,558295
2543,2222211021,40074,257,34147,0,302287,7432,0,325447
2544,1111001000,217590,329,219,598,463884,389,36,376
2545,1111111111,79680,7236,2475,478,1013436,2093,1062,442187
2546,2110111111,158736,469,2850,742,619103,984,747982,681
2551,2110011000,354033,1672,267005,556,416601,4414,0,237
2552,1111111100,14793,95473,1241843,377,534773,206483,0,11855
2554,2111111111,122230,4,98305,477,541808,14891,0,759
2558,1111001011,24247,1646,0,143,303670,3625,0,288370
2560,2222211021,50,789,699669,20,299753,1929,0,235758
2561,2222211021,22079,61,647906,11,275545,2521,0,43617
2564,1110001000,293711,855,516,416,823367,444,62,25095
2565,2222211021,55885,2954,876,158,277490,7788,18131,384429
2570,2222211021,89061,418,39,158,318060,4366,0,688319
2571,2110101110,212035,2690,114,350,474865,500,825223,3850
2572,1111111000,15913,9936,0,134431,217321,4751,0,25858
2575,0222011221,11292,28442,8952,24,588962,56238,0,1170530
2577,1111101000,19152,16,0,99,248386,154,0,3270
2580,1111001000,210726,59,501,622,462195,273,151,236
2583,2222211021,47839,1027,81327,76,229599,8,0,208199
2585,1111111111,17496,3160,0,14,906086,21,0,126821
2586,1110111101,150824,31,74,70946,530217,120,0,91232
2588,2110001000,241271,1032,632488,7732,357569,975,0,80
2590,2222211021,125389,1559,1373,140,349194,141,207,239791
2591,2222211021,46124,0,283148,0,292350,541,0,246071
2595,1110001000,205708,25,22,405,481496,294,0,623
2597,1111101000,43193,40,0,206,1455915,439,0,12386
2598,1111201000,55061,7136,1015784,544,1121556,736,0,2947
2599,1111121202,42011,811,1717089,845,563975,3140,0,8615
2601,2022211021,74261,0,257746,0,227246,4836,0,163555
2608,2110111111,180094,83,5360,203,266935,243078,0,173
2609,1111111111,71026,0,0,100,345321,69,0,226
2610,2110311100,90112,1512,159639,614,197054,470,553,130856
2611,2110111111,321,109,241105,338,274672,107,29037,41505
2615,2222211021,1231,240,14965,21,218405,1930,0,373950
2617,1111001000,109977,30,0,110,371029,102,0,338
2620,2222211021,33224,268,528303,168,253105,92,0,79296
2623,2222211021,28388,3948,186231,80,181984,2656,3,379912
2624,0111101100,39580,86,327104,13975,1952044,3229,165253,1209
2625,2222201000,68966,781,0,40,451400,123,0,786431
2628,2222211021,48049,116,75356,124,216529,8394,3197,453876
2630,2222211021,42951,3,617614,44,214102,149,0,168080
2631,1111111222,60857,987,0,877,416015,367,0,576040
2632,1111111000,2060,48,178176,6734,310095,809,0,105108
2633,2222211021,57195,82,411383,192,285170,5815,11,173731
2634,2110111110,84406,6445,1942071,594,631200,909,0,333
2635,1111101000,101058,1749,0,516,629549,567,0,198
2636,2111111111,379858,927,361696,4765,620909,3233,185,894398
2641,2110111111,127744,90,139278,1230,217720,252,0,2419
2645,2110101111,614322,1,58282,714,224416,89725,22,198
2646,2222211021,2236,68,2746915,195,380001,6400,49,199426
2651,1111001000,3926,175,1227,2238,424610,923,256616,464034
2659,2222211021,0,7270,1272528,139,273732,331,144,65264
2660,2222211021,32728,0,235542,39,466863,185,0,752033
2662,1111111010,6715,44580,3700,1128,454817,7597,5103989,2143
2664,2222211021,322552,10203,116252,83,514652,4319,0,153365
2666,1000001000,147924,3803,1883464,21703,611257,2008,0,52475
2668,1111111111,97596,13988,0,219,327391,2822,0,55625
2671,1111111111,165499,205424,0,17,427161,18705,0,10989
2673,2110111111,345790,1404,51,849,509495,7115,0,5312
2674,2222211021,158,215,1076477,254,363573,5705,0,174031
2676,2222211021,563,387,935380,313,189845,617,0,7030
2677,1111111000,21257,115,25870,504,168323,542,0,422
2682,2222211021,285,6568,1546303,1,351128,99,0,14688
2683,1111011100,219,234,2617,2785008,372664,1983,356343,41524
2685,2000001000,683942,104829,383495,4541,1051653,18870,95,7745
2687,1111011000,20639,69884,0,436,265539,17714,0,4041
2690,1111111000,211561,220,759805,2109,473630,12288,0,33364
2692,1111111101,104762,83,35,253,311790,1137,0,141
2695,1111111111,23006,11678,3479,16414,749503,2964,18242,237095
2697,1111111111,25833,1732,0,244,472986,742,0,612491
2698,2222211021,142,208,1699310,132,267641,706,13,5621
2700,2222011001,64562,10722,0,112,616785,467,0,135279
2703,2222211021,6297,311,1898702,14,354428,90,343,16823
2705,2220211021,37133,0,71670,25,243167,191,0,333498
2706,2222211021,845,1825,609456,349,185884,11465,0,31820
2708,2222211021,0,0,647828,0,159403,298,0,200782
2709,1111111111,172046,1245,17,219,510467,6970,0,196
2711,1111111101,1037,2452,32330,634465,720338,895,228242,480089
2716,1111111111,250538,198,0,72,331408,485,0,5
2720,1101111111,133731,18659,42,339,469725,8262,0,23555
2724,2222211021,10323,9,33702,15,128278,25,0,206914
2725,2222211021,55770,61,1582612,86,364357,12749,31,524335
2727,1111111111,220693,2344,1672388,264548,655930,1350,9,202969
2729,1111011000,15202,9554,1511549,2079,419673,2369,0,704411
2730,1111111111,7857,229,509,953694,536182,893,8270,177911
2731,2222011001,79790,95117,0,138,590991,318,0,2217
2733,2222211021,38011,5527,32312,55,231517,8812,0,203022
2735,1111111111,7475,220,13726,1706149,320164,740,0,996
2737,1111101000,189865,129,0,209,453102,7675,0,374
2739,2222011001,90645,62932,0,92,606244,55,0,781
2742,1111111011,222660,1185,153,731,498779,5152,0,740
2744,1111111100,10877,1909,0,1343446,346390,356,0,50299
2756,1121011201,203875,265,21,423895,275529,1197,0,4111
2758,2000001021,45249,21448,534,698,516094,634,0,39592
2763,1000001000,54138,136,1948295,43,410471,1453,0,37467
2765,1121011201,87972,891,0,20597,134999,14500,0,128
2771,1111111000,167652,305,136,668,260016,456,0,406
2775,2000001000,59508,130,39940,56,222404,401,0,37966
2777,1111111101,170898,128,0,524,412987,352,0,118
2781,1121011201,65098,73,0,129,361279,66,1883,62692
2782,1111111100,100649,0,17752,130,108257,43,0,298
2784,2222211021,22559,0,2719,4,228078,90,0,100601
2786,1121111201,454402,6641,99,600,772196,827,0,98686
2787,1111111000,298757,3652,38,347,495965,1905,0,287
2793,1121011201,85054,2656,0,983,1388563,504,102,717
2795,0220113201,35,137,3002470,13,234178,110,33366,4
2797,1111111111,346487,37959,12,1303,1081430,13244,0,140
2798,2222211021,7539,5392,926416,76,267357,312,0,374390
2799,1110111100,18080,299,261,406,388831,513,167,29985
2800,1121011201,151136,10619,1072,301,482908,1274,230,218
2801,0120012001,8160,149,382,279,106535,471,4,248848
2803,1121011201,138247,11230,3,177,364664,4252,0,40600
2804,1110001000,17072,63,0,424,362245,5616,0,80266
2805,2222211021,206425,5074,1236880,97,379582,53,0,17769
2806,0120012001,18132,234,0,814,127993,465,0,223589
2807,2222211021,4222,2672,1269169,168,384051,211,0,188588
2808,0122111201,237216,890,131,473,366376,6614,0,153
2811,2222211021,2737,46,284327,106,167602,186,14866,387558
2814,2112101101,99234,131,0,74,752271,54,0,107
2816,2222211021,0,2063,1805061,120,290129,539,7,106071
2819,1111111100,92829,713,21,76,157414,443,0,0
2820,1011111100,156499,19888,5,201,118330,190,0,2448
2821,1111111000,21357,2768,1918,127,201798,40935,0,363851
2823,2120111201,159919,151,151500,123,125747,269,0,8818
2824,1101011000,140660,135,27,256,163177,222,0,308
2827,1111111000,23851,443,58,159,180405,54,3,497560
2836,1111111111,172001,4014,0,362,180426,5252,0,218
2837,1111111111,155707,81,0,368,352304,1807,0,53
2838,1111111000,100284,2225,151,289,549324,994,195,604824
2841,2222211021,0,6133,80064,111,258133,221,0,688711
2849,1100111120,78812,6908,0,94,204082,23059,0,270468
2850,1111111100,11813,6535,0,179,643367,4226,8,613569
2852,1111111000,27263,59,0,152,285108,19825,0,289053
2855,1111111100,25742,11,0,60,419433,7024,0,394962
2858,1111011100,7834,161,0,413,512630,8818,85,258961
2860,1121011201,132398,54,178,313,190121,327,0,49386
2863,1111111030,86779,0,0,13,131685,50713,0,113091
2864,1010111021,123089,127,772,22,165086,9567,46,128
2869,1111111110,13,2757,8,128,150723,654,0,458352
2870,1111111000,23799,9,0,6,81201,0,0,93710
2873,1111111100,59,5172,0,143,182862,469,0,495745
2874,1111111100,25372,2957,147,88,173482,2338,103,183543
2875,1111111110,1174,112,135,72,115628,58183,116,177360
2876,1111111110,6722,3,577,13,93768,683,0,221877
2878,1111111100,32,0,0,76,40807,5,0,106129
2879,1001001000,244,5,0,0,8613,5365,0,50709
2880,1111111100,28104,14595,367,3070,265907,5604,28,366282
